1.000000000000000082e-05 6.839384949684443882e+01
1.059560179277617057e-05 7.227476820064099172e+01
1.122667773510813544e-05 7.637590244495774527e+01
1.189534067370320835e-05 8.070974604685774523e+01
1.260382929679727389e-05 8.528950144839087955e+01
1.335451562929900141e-05 9.012912047478793909e+01
1.414991297434575937e-05 9.524334756305535166e+01
1.499268432786047117e-05 1.006477638366867211e+02
1.588565129428052877e-05 1.063588344389269054e+02
1.683180353330958413e-05 1.123939581032124835e+02
1.783430876931909215e-05 1.187715194398252407e+02
1.889652339691211472e-05 1.255109456890129849e+02
2.002200371815584479e-05 1.326327659490493716e+02
2.121451784910631934e-05 1.401586734902926992e+02
2.247805833548725246e-05 1.481115915910602041e+02
2.381685551976160786e-05 1.565157434817625131e+02
2.523539170434765982e-05 1.653967260468305085e+02
2.673841615839949297e-05 1.747815867329454704e+02
2.833096101839323942e-05 1.846989048504690629e+02
3.001835813575592089e-05 1.951788796277451183e+02
3.180625692794118915e-05 2.062534220895535100e+02
3.370064329271931777e-05 2.179562503855046032e+02
3.570785964900462521e-05 2.303229907246425228e+02
3.783462617131932846e-05 2.433912874409010385e+02
4.008806328898464845e-05 2.572009173480414574e+02
4.247571552536902605e-05 2.717939069921199575e+02
4.500557675700497562e-05 2.872146572679773726e+02
4.768611697714474431e-05 3.035100817502042787e+02
5.052631065335679548e-05 3.207297489064019373e+02
5.353566677410729675e-05 3.389260253409715347e+02
5.672426068491977794e-05 3.581542291217850789e+02
6.010276782070387642e-05 3.784728040198116901e+02
6.368249944718585675e-05 3.999434960146492699e+02
6.747544053110699554e-05 4.226315254610063334e+02
7.149428986597576249e-05 4.466057741466763105e+02
7.575250258771920673e-05 4.719390064358711356e+02
8.026433522257173624e-05 4.987080876849227025e+02
8.504489341802686365e-05 5.269941863595873883e+02
9.011018251665017960e-05 5.568830000070164488e+02
9.547716114208065730e-05 5.884650379894035268e+02
1.011637979766207013e-04 6.218358903606870172e+02
1.071891319205128638e-04 6.570964555723749072e+02
1.135733358343105206e-04 6.943532095347161430e+02
1.203377840777590556e-04 7.337185707275326649e+02
1.275051240713012809e-04 7.753112283836267125e+02
1.350993521198027864e-04 8.192563787152441819e+02
1.431458937523478591e-04 8.656860380215422310e+02
1.516716888470924095e-04 9.147395212818222490e+02
1.607052818261638333e-04 9.665638372355690535e+02
1.702769172225901374e-04 1.021313893689126303e+03
1.804186409392071779e-04 1.079152850567173118e+03
1.911644075385703697e-04 1.140252756565720119e+03
2.025501939230666413e-04 1.204795014126726073e+03
2.146141197858405776e-04 1.272970475157266492e+03
2.273965752357927448e-04 1.344979821643400783e+03
2.409403560239526765e-04 1.421034423273295261e+03
2.552908068239516468e-04 1.501356865054434820e+03
2.704959730463137079e-04 1.586180797639900902e+03
2.866067616948250111e-04 1.675751323007908695e+03
3.036771118035460487e-04 1.770326153402030513e+03
3.217641750250735269e-04 1.870176176190299429e+03
3.409285069746814732e-04 1.975584869212671265e+03
3.612342699709430527e-04 2.086848662428082662e+03
3.827494478516315301e-04 2.204278472800593136e+03
4.055460735840827930e-04 2.328200254002585552e+03
4.297004704320843828e-04 2.458953762623058537e+03
4.552935074866947636e-04 2.596892863298470729e+03
4.824108704165373600e-04 2.742387467626207581e+03
5.111433483440165366e-04 2.895823986605719256e+03
5.415871378079476200e-04 3.057603326566195392e+03
5.738441648302393047e-04 3.228141107652170831e+03
6.080224261649426910e-04 3.407869897927796501e+03
6.442363508721370797e-04 3.597239416629571679e+03
6.826071834272392233e-04 3.796713092372378469e+03
7.232633896483533272e-04 4.006768092715599778e+03
7.663410868007461971e-04 4.227898033879316245e+03
8.119844993184008319e-04 4.460612712975533213e+03
8.603464416684509499e-04 4.705432444519805358e+03
9.115888299750818944e-04 4.962887800054835679e+03
9.658832241158708896e-04 5.233522882455695253e+03
1.023411402105453864e-03 5.517893767247202959e+03
1.084365968689610842e-03 5.816552846968769700e+03
1.148951000187309855e-03 6.130048307545801435e+03
1.217382727739662078e-03 6.458931988942298631e+03
1.289890261253309484e-03 6.803756999424972491e+03
1.366716356462007289e-03 7.165066095833758482e+03
1.448118227674534582e-03 7.543390047506130031e+03
1.534368408930013262e-03 7.939250558604981961e+03
1.625755666443795110e-03 8.353154671878561203e+03
1.722585965398787389e-03 8.785561544269925434e+03
1.825183494319044218e-03 9.236882162698997490e+03
1.933891750455232110e-03 9.707491683777660000e+03
2.049074689815848227e-03 1.019772144681803002e+04
2.171117945694505096e-03 1.070782229468526748e+04
2.300430119772919023e-03 1.123796359441821369e+04
2.437444150122221927e-03 1.178824336142168795e+04
2.582618760682677504e-03 1.235867707108522700e+04
2.736439997074671757e-03 1.294915094039048927e+04
2.899422853882878057e-03 1.355942233587591181e+04
3.072112998861759037e-03 1.418913191990836822e+04
3.255088599835059826e-03 1.483778821272276218e+04
3.448962260405759751e-03 1.550469649768317504e+04
3.654383070957258062e-03 1.618896676139706142e+04
3.872038781812556923e-03 1.688953694691326018e+04
4.102658105827194576e-03 1.760515241970805073e+04
4.347013158125026359e-03 1.833425402100685460e+04
4.605922041145108295e-03 1.907500468354519762e+04
4.880251583654433324e-03 1.982533569599979819e+04
5.170920242896760721e-03 2.058292952332941422e+04
5.478901179593945181e-03 2.134511385615227118e+04
5.805225516094901853e-03 2.210890126473254713e+04
6.150985788580504154e-03 2.287104330846511220e+04
6.517339604882426730e-03 2.362799604369577719e+04
6.905513520162331019e-03 2.437562911939130936e+04
7.316807143427199629e-03 2.510937480018214410e+04
7.752597488629464108e-03 2.582439536059482998e+04
8.214343584919429550e-03 2.651554113663265161e+04
8.703591361485166558e-03 2.717690227158818743e+04
9.221978823334331735e-03 2.780210384252547738e+04
9.771241535346501458e-03 2.838459667273429659e+04
1.035321843295662625e-02 2.891762958342484853e+04
1.096985797892384082e-02 2.939370156555041467e+04
1.162322468679852921e-02 2.980503778473311468e+04
1.231550603292826118e-02 3.014401118162991042e+04
1.304901978014402948e-02 3.040309203349094969e+04
1.382622173764656327e-02 3.057392327389124694e+04
1.464971398307286267e-02 3.064823599037947861e+04
1.552225357427047987e-02 3.061856692110655786e+04
1.644676177994664271e-02 3.047839458361322613e+04
1.742633386009650662e-02 3.022188351801145473e+04
1.846424942895544263e-02 2.984450487957387668e+04
1.956398343517064958e-02 2.934349450480541782e+04
2.072921779595372077e-02 2.871832590401577545e+04
2.196385372416546911e-02 2.797206562025327366e+04
2.327202478960409618e-02 2.711031522756516642e+04
2.465811075822603796e-02 2.614060864067299190e+04
2.612675225563329193e-02 2.507387978886602650e+04
2.768286630392066683e-02 2.393048469211556585e+04
2.933166278390045290e-02 2.273284076402931532e+04
3.107866187782013997e-02 2.150187667516383954e+04
3.292971255097151134e-02 2.025953663841552043e+04
3.489101213406773511e-02 1.903831366096505008e+04
3.696912707195028347e-02 1.786827540854555991e+04
3.917101490809260511e-02 1.677264000635073899e+04
4.150404757850476717e-02 1.576923400241688614e+04
4.397603609302721400e-02 1.487222435892761678e+04
4.659525668664682430e-02 1.409142262314440813e+04
4.937047852839003548e-02 1.342346511812131212e+04
5.231099308056263303e-02 1.285315512174373725e+04
5.542664520663106997e-02 1.235244970728348380e+04
5.872786613189483196e-02 1.188319367597116980e+04
6.222570836730231120e-02 1.139995574784149721e+04
6.593188271333548511e-02 1.085487084100916582e+04
6.985879746785249311e-02 1.021083929110879944e+04
7.401959996915644102e-02 9.455227449190682819e+03
7.842822061337681450e-02 8.605023308187446673e+03
8.309941949353395751e-02 7.711714986933010550e+03
8.804883581643464796e-02 6.849683341753804598e+03
9.329304026284686302e-02 6.095200549404220510e+03
9.884959046625586832e-02 5.502334136540620420e+03
1.047370897959450792e-01 5.083513524532481824e+03
1.109752496412072104e-01 4.802295294825807105e+03
1.175849554052158102e-01 4.578296200870466237e+03
1.245883364295008178e-01 4.313422305336865975e+03
1.320088400831419539e-01 3.943453588690414563e+03
1.398713102647238526e-01 3.482405805279982360e+03
1.482020705798860194e-01 3.019831566914428095e+03
1.570290124729377401e-01 2.655596153001880339e+03
1.663816886076130708e-01 2.426650211682957433e+03
1.762914118095947891e-01 2.281448248769417660e+03
1.867913599020784576e-01 2.120108909631670485e+03
1.979166867853557332e-01 1.886389743648055855e+03
2.097046401323234832e-01 1.633420429846423986e+03
2.221946860939523760e-01 1.441991358254837223e+03
2.354286414322420140e-01 1.323451496151524907e+03
2.494508135230316670e-01 1.212016604318882401e+03
2.643081486974108163e-01 1.068291603337288734e+03
2.800503894183630771e-01 9.338715223072405252e+02
2.967302408188872698e-01 8.414121225977759195e+02
3.144035471591500319e-01 7.585063622150937590e+02
3.331294787934677148e-01 6.664701349054956836e+02
3.529707302730650254e-01 5.901810704624032269e+02
3.739937302478801850e-01 5.280390978374996394e+02
3.962688638701478139e-01 4.656197465571707426e+02
4.198707084443914495e-01 4.117953777597697353e+02
4.448782831127585102e-01 3.652011495482929035e+02
4.713753134116728805e-01 3.216593526044603095e+02
4.994505115855140120e-01 2.843307464505789426e+02
5.291978735958446922e-01 2.504425615969950911e+02
5.607169938205458504e-01 2.206811681192884578e+02
5.941133984965040193e-01 1.941349702181247210e+02
6.294988990221888070e-01 1.707133046564541985e+02
6.669919663030128287e-01 1.499389889046786095e+02
7.067181273927490848e-01 1.316189793207374237e+02
7.488103857590030499e-01 1.154352422974577053e+02
7.934096665797492065e-01 1.011570200373505060e+02
8.406652885618334237e-01 8.858113246428527532e+01
8.907354638610439634e-01 7.750316170659846193e+01
9.437878277775391123e-01 6.775837421659277027e+01
1.000000000000000000e+00 5.921304117853503612e+01
