1.000000000000000082e-05 3.596982689413322021e+01
1.059560179277617057e-05 3.811515921305850441e+01
1.122667773510813544e-05 4.038843742593055453e+01
1.189534067370320835e-05 4.279729820220904202e+01
1.260382929679727389e-05 4.534982707101671195e+01
1.335451562929900141e-05 4.805459164809727923e+01
1.414991297434575937e-05 5.092067041492472868e+01
1.499268432786047117e-05 5.395768317834909311e+01
1.588565129428052877e-05 5.717582329857020085e+01
1.683180353330958413e-05 6.058589190769738764e+01
1.783430876931909215e-05 6.419933484110480038e+01
1.889652339691211472e-05 6.802828118762352005e+01
2.002200371815584479e-05 7.208558346144016582e+01
2.121451784910631934e-05 7.638486063305795426e+01
2.247805833548725246e-05 8.094054205899790588e+01
2.381685551976160786e-05 8.576791559670738252e+01
2.523539170434765982e-05 9.088318014416591950e+01
2.673841615839949297e-05 9.630349997593378930e+01
2.833096101839323942e-05 1.020470626633319284e+02
3.001835813575592089e-05 1.081331400432438841e+02
3.180625692794118915e-05 1.145821524759308119e+02
3.370064329271931777e-05 1.214157371373103302e+02
3.570785964900462521e-05 1.286568188458121256e+02
3.783462617131932846e-05 1.363296867030597923e+02
4.008806328898464845e-05 1.444600764589204402e+02
4.247571552536902605e-05 1.530752564326820959e+02
4.500557675700497562e-05 1.622041159366992815e+02
4.768611697714474431e-05 1.718772617567399834e+02
5.052631065335679548e-05 1.821271221030187348e+02
5.353566677410729675e-05 1.929880544882433355e+02
5.672426068491977794e-05 2.044964551170577920e+02
6.010276782070387642e-05 2.166908802982281941e+02
6.368249944718585675e-05 2.296121779650738119e+02
6.747544053110699554e-05 2.433036227220508465e+02
7.149428986597576249e-05 2.578110486660839342e+02
7.575250258771920673e-05 2.731830021927082726e+02
8.026433522257173624e-05 2.894709091920336732e+02
8.504489341802686365e-05 3.067292433975997596e+02
9.011018251665017960e-05 3.250156847638858153e+02
9.547716114208065730e-05 3.443913118282814025e+02
1.011637979766207013e-04 3.649208144286337756e+02
1.071891319205128638e-04 3.866727019948157817e+02
1.135733358343105206e-04 4.097194847053015110e+02
1.203377840777590556e-04 4.341379160795851817e+02
1.275051240713012809e-04 4.600092649431672953e+02
1.350993521198027864e-04 4.874195700899994108e+02
1.431458937523478591e-04 5.164598334736112974e+02
1.516716888470924095e-04 5.472263271126799964e+02
1.607052818261638333e-04 5.798209421274235638e+02
1.702769172225901374e-04 6.143514940518483627e+02
1.804186409392071779e-04 6.509319002047966478e+02
1.911644075385703697e-04 6.896825702552637267e+02
2.025501939230666413e-04 7.307308560463786762e+02
2.146141197858405776e-04 7.742114062924102882e+02
2.273965752357927448e-04 8.202662723321464000e+02
2.409403560239526765e-04 8.690454090632593989e+02
2.552908068239516468e-04 9.207072549806578081e+02
2.704959730463137079e-04 9.754191238631734677e+02
2.866067616948250111e-04 1.033357141466321764e+03
3.036771118035460487e-04 1.094706892871475475e+03
3.217641750250735269e-04 1.159664165425582041e+03
3.409285069746814732e-04 1.228435348012896839e+03
3.612342699709430527e-04 1.301237062409149075e+03
3.827494478516315301e-04 1.378296997884712482e+03
4.055460735840827930e-04 1.459854840124206021e+03
4.297004704320843828e-04 1.546162627833314900e+03
4.552935074866947636e-04 1.637483928968284772e+03
4.824108704165373600e-04 1.734094892735219219e+03
5.111433483440165366e-04 1.836285356277847086e+03
5.415871378079476200e-04 1.944359090519201345e+03
5.738441648302393047e-04 2.058632417366405662e+03
6.080224261649426910e-04 2.179435466404774616e+03
6.442363508721370797e-04 2.307113391128432795e+03
6.826071834272392233e-04 2.442026356355154348e+03
7.232633896483533272e-04 2.584547170912941965e+03
7.663410868007461971e-04 2.735062823830837715e+03
8.119844993184008319e-04 2.893975800572536627e+03
8.603464416684509499e-04 3.061703508276061712e+03
9.115888299750818944e-04 3.238673940244336336e+03
9.658832241158708896e-04 3.425327754727978572e+03
1.023411402105453864e-03 3.622119758374938101e+03
1.084365968689610842e-03 3.829516792794362573e+03
1.148951000187309855e-03 4.047987521365384055e+03
1.217382727739662078e-03 4.278006591229498554e+03
1.289890261253309484e-03 4.520057031797153286e+03
1.366716356462007289e-03 4.774627065034990665e+03
1.448118227674534582e-03 5.042198826820866998e+03
1.534368408930013262e-03 5.323251844617427196e+03
1.625755666443795110e-03 5.618264200978026565e+03
1.722585965398787389e-03 5.927706122820530254e+03
1.825183494319044218e-03 6.252019008188834960e+03
1.933891750455232110e-03 6.591622420319394223e+03
2.049074689815848227e-03 6.946916044445271837e+03
2.171117945694505096e-03 7.318269711723040018e+03
2.300430119772919023e-03 7.705994436682309242e+03
2.437444150122221927e-03 8.110351777451321141e+03
2.582618760682677504e-03 8.531555378548846420e+03
2.736439997074671757e-03 8.969757622174611242e+03
2.899422853882878057e-03 9.425015276202058885e+03
3.072112998861759037e-03 9.897300070539606168e+03
3.255088599835059826e-03 1.038649917217827715e+04
3.448962260405759751e-03 1.089239522478989238e+04
3.654383070957258062e-03 1.141461489267331126e+04
3.872038781812556923e-03 1.195264998088244647e+04
4.102658105827194576e-03 1.250586102947098698e+04
4.347013158125026359e-03 1.307344773425736821e+04
4.605922041145108295e-03 1.365437109580989090e+04
4.880251583654433324e-03 1.424739626526672509e+04
5.170920242896760721e-03 1.485110418588677021e+04
5.478901179593945181e-03 1.546385961435170793e+04
5.805225516094901853e-03 1.608372837725276258e+04
6.150985788580504154e-03 1.670853528936854127e+04
6.517339604882426730e-03 1.733588386495344821e+04
6.905513520162331019e-03 1.796309216885070418e+04
7.316807143427199629e-03 1.858701644286491137e+04
7.752597488629464108e-03 1.920421266841960824e+04
8.214343584919429550e-03 1.981099697236896463e+04
8.703591361485166558e-03 2.040334119404466401e+04
9.221978823334331735e-03 2.097659021502176256e+04
9.771241535346501458e-03 2.152577893990758457e+04
1.035321843295662625e-02 2.204575485582121837e+04
1.096985797892384082e-02 2.253106544138869504e+04
1.162322468679852921e-02 2.297564932746222985e+04
1.231550603292826118e-02 2.337329362104423853e+04
1.304901978014402948e-02 2.371782345366334994e+04
1.382622173764656327e-02 2.400290087867467446e+04
1.464971398307286267e-02 2.422153088198509067e+04
1.552225357427047987e-02 2.436690868775610943e+04
1.644676177994664271e-02 2.443274731795381740e+04
1.742633386009650662e-02 2.441332447780579605e+04
1.846424942895544263e-02 2.430343711792101021e+04
1.956398343517064958e-02 2.409888508136453311e+04
2.072921779595372077e-02 2.379671579642068536e+04
2.196385372416546911e-02 2.339589935121622329e+04
2.327202478960409618e-02 2.289821300864122531e+04
2.465811075822603796e-02 2.230709396665348322e+04
2.612675225563329193e-02 2.162741175023398318e+04
2.768286630392066683e-02 2.086793755169973520e+04
2.933166278390045290e-02 2.004428420337795615e+04
3.107866187782013997e-02 1.917254281253980662e+04
3.292971255097151134e-02 1.826794058364483863e+04
3.489101213406773511e-02 1.734880595676083249e+04
3.696912707195028347e-02 1.644034661926276385e+04
3.917101490809260511e-02 1.556461030308567206e+04
4.150404757850476717e-02 1.473927267922030114e+04
4.397603609302721400e-02 1.397822390674070084e+04
4.659525668664682430e-02 1.329220937447564756e+04
4.937047852839003548e-02 1.268790283897459085e+04
5.231099308056263303e-02 1.215935832915865103e+04
5.542664520663106997e-02 1.169276951236625973e+04
5.872786613189483196e-02 1.126410424525786766e+04
6.222570836730231120e-02 1.084126865912429275e+04
6.593188271333548511e-02 1.038784434394040181e+04
6.985879746785249311e-02 9.870504982289145119e+03
7.401959996915644102e-02 9.265888016523236729e+03
7.842822061337681450e-02 8.574430315259383860e+03
8.309941949353395751e-02 7.820751100009806578e+03
8.804883581643464796e-02 7.054457102444183874e+03
9.329304026284686302e-02 6.337887971633123016e+03
9.884959046625586832e-02 5.727515367341454294e+03
1.047370897959450792e-01 5.255602477398997507e+03
1.109752496412072104e-01 4.916508229643406594e+03
1.175849554052158102e-01 4.664308373753463457e+03
1.245883364295008178e-01 4.423846814098467803e+03
1.320088400831419539e-01 4.122845587956070631e+03
1.398713102647238526e-01 3.734092684208877017e+03
1.482020705798860194e-01 3.299749184226772286e+03
1.570290124729377401e-01 2.904438365371463533e+03
1.663816886076130708e-01 2.613774613668880647e+03
1.762914118095947891e-01 2.425594082696329224e+03
1.867913599020784576e-01 2.272595519363029325e+03
1.979166867853557332e-01 2.078553156444507295e+03
2.097046401323234832e-01 1.836548421027939639e+03
2.221946860939523760e-01 1.613733488953615733e+03
2.354286414322420140e-01 1.456765543851479606e+03
2.494508135230316670e-01 1.341621775289232119e+03
2.643081486974108163e-01 1.212099186653209699e+03
2.800503894183630771e-01 1.067548704502776445e+03
2.967302408188872698e-01 9.506872866739629444e+02
3.144035471591500319e-01 8.618598543834398242e+02
3.331294787934677148e-01 7.703240771172413588e+02
3.529707302730650254e-01 6.809649747881754820e+02
3.739937302478801850e-01 6.095722632641939072e+02
3.962688638701478139e-01 5.437786610265824265e+02
4.198707084443914495e-01 4.815255553104229875e+02
4.448782831127585102e-01 4.286179142161565778e+02
4.713753134116728805e-01 3.801538951538461788e+02
4.994505115855140120e-01 3.367209137174855300e+02
5.291978735958446922e-01 2.983391638594005713e+02
5.607169938205458504e-01 2.637654937147017904e+02
5.941133984965040193e-01 2.331689936666511471e+02
6.294988990221888070e-01 2.058232429067142277e+02
6.669919663030128287e-01 1.815778553233871548e+02
7.067181273927490848e-01 1.600147745013205451e+02
7.488103857590030499e-01 1.409198163973768487e+02
7.934096665797492065e-01 1.239962953813219002e+02
8.406652885618334237e-01 1.090184510442606864e+02
8.907354638610439634e-01 9.577162799989017117e+01
9.437878277775391123e-01 8.405934786929738323e+01
1.000000000000000000e+00 7.372835571661460108e+01
