1.000000000000000082e-05 6.527875135885368252e+01
1.059560179277617057e-05 6.879196683141610436e+01
1.122667773510813544e-05 7.249423585677494941e+01
1.189534067370320835e-05 7.639575233667434873e+01
1.260382929679727389e-05 8.050723943560589646e+01
1.335451562929900141e-05 8.483999588082073728e+01
1.414991297434575937e-05 8.940592834967441149e+01
1.499268432786047117e-05 9.421758454553581430e+01
1.588565129428052877e-05 9.928818741944326121e+01
1.683180353330958413e-05 1.046316713788191350e+02
1.783430876931909215e-05 1.102627204996809951e+02
1.889652339691211472e-05 1.161968086400193982e+02
2.002200371815584479e-05 1.224502420716450075e+02
2.121451784910631934e-05 1.290402043125034197e+02
2.247805833548725246e-05 1.359848030767434182e+02
2.381685551976160786e-05 1.433031192153580662e+02
2.523539170434765982e-05 1.510152596020570570e+02
2.673841615839949297e-05 1.591424124995461966e+02
2.833096101839323942e-05 1.677069054378629573e+02
3.001835813575592089e-05 1.767322656836872454e+02
3.180625692794118915e-05 1.862432853015024818e+02
3.370064329271931777e-05 1.962660893117321166e+02
3.570785964900462521e-05 2.068282064411582439e+02
3.783462617131932846e-05 2.179586420783749929e+02
4.008806328898464845e-05 2.296879595161351233e+02
4.247571552536902605e-05 2.420483641776703507e+02
4.500557675700497562e-05 2.550737902720344721e+02
4.768611697714474431e-05 2.687999897068301038e+02
5.052631065335679548e-05 2.832646327296515665e+02
5.353566677410729675e-05 2.985074116392428891e+02
5.672426068491977794e-05 3.145701461692860335e+02
6.010276782070387642e-05 3.314968902911264195e+02
6.368249944718585675e-05 3.493340579029402306e+02
6.747544053110699554e-05 3.681305506067054125e+02
7.149428986597576249e-05 3.879378841452773372e+02
7.575250258771920673e-05 4.088103134733676711e+02
8.026433522257173624e-05 4.308049918475350069e+02
8.504489341802686365e-05 4.539821283000441667e+02
9.011018251665017960e-05 4.784051375360130578e+02
9.547716114208065730e-05 5.041407841359014697e+02
1.011637979766207013e-04 5.312593846185227449e+02
1.071891319205128638e-04 5.598350008100833293e+02
1.135733358343105206e-04 5.899456119142088255e+02
1.203377840777590556e-04 6.216732719776543945e+02
1.275051240713012809e-04 6.551043718816766841e+02
1.350993521198027864e-04 6.903298762731292300e+02
1.431458937523478591e-04 7.274455113957285448e+02
1.516716888470924095e-04 7.665519234854747310e+02
1.607052818261638333e-04 8.077550246579482973e+02
1.702769172225901374e-04 8.511662813580876445e+02
1.804186409392071779e-04 8.969028993902456932e+02
1.911644075385703697e-04 9.450879557656166980e+02
2.025501939230666413e-04 9.958508666360610277e+02
2.146141197858405776e-04 1.049327734906868727e+03
2.273965752357927448e-04 1.105661494075343626e+03
2.409403560239526765e-04 1.165001965410584489e+03
2.552908068239516468e-04 1.227506503736056857e+03
2.704959730463137079e-04 1.293340408701402112e+03
2.866067616948250111e-04 1.362676958212237878e+03
3.036771118035460487e-04 1.435697315169003105e+03
3.217641750250735269e-04 1.512591427934325338e+03
3.409285069746814732e-04 1.593558502068003463e+03
3.612342699709430527e-04 1.678806821458410013e+03
3.827494478516315301e-04 1.768553409923830486e+03
4.055460735840827930e-04 1.863025268932027075e+03
4.297004704320843828e-04 1.962459890721210968e+03
4.552935074866947636e-04 2.067104743230191161e+03
4.824108704165373600e-04 2.177216593512085183e+03
5.111433483440165366e-04 2.293063139065610812e+03
5.415871378079476200e-04 2.414923518724831865e+03
5.738441648302393047e-04 2.543087367605759937e+03
6.080224261649426910e-04 2.677853766945259395e+03
6.442363508721370797e-04 2.819533222582585950e+03
6.826071834272392233e-04 2.968448092517801342e+03
7.232633896483533272e-04 3.124930812849045651e+03
7.663410868007461971e-04 3.289322144587087678e+03
8.119844993184008319e-04 3.461973766274454647e+03
8.603464416684509499e-04 3.643248529817321469e+03
9.115888299750818944e-04 3.833517424853761895e+03
9.658832241158708896e-04 4.033156842246101405e+03
1.023411402105453864e-03 4.242551935075020992e+03
1.084365968689610842e-03 4.462096481864791713e+03
1.148951000187309855e-03 4.692184357413798352e+03
1.217382727739662078e-03 4.933202569435613441e+03
1.289890261253309484e-03 5.185539622750809940e+03
1.366716356462007289e-03 5.449585093282017624e+03
1.448118227674534582e-03 5.725722914320061136e+03
1.534368408930013262e-03 6.014326082661968030e+03
1.625755666443795110e-03 6.315760759767333184e+03
1.722585965398787389e-03 6.630384352471480270e+03
1.825183494319044218e-03 6.958527170554987606e+03
1.933891750455232110e-03 7.300479933619369149e+03
2.049074689815848227e-03 7.656507838774152333e+03
2.171117945694505096e-03 8.026847941589355287e+03
2.300430119772919023e-03 8.411687143071440005e+03
2.437444150122221927e-03 8.811148308552854360e+03
2.582618760682677504e-03 9.225304444074554340e+03
2.736439997074671757e-03 9.654174405843939894e+03
2.899422853882878057e-03 1.009769399891117246e+04
3.072112998861759037e-03 1.055569969901644799e+04
3.255088599835059826e-03 1.102794644413926471e+04
3.448962260405759751e-03 1.151410203570953126e+04
3.654383070957258062e-03 1.201370556971166479e+04
3.872038781812556923e-03 1.252614790708326291e+04
4.102658105827194576e-03 1.305069977966369879e+04
4.347013158125026359e-03 1.358650557851272788e+04
4.605922041145108295e-03 1.413251313957537423e+04
4.880251583654433324e-03 1.468744918605789644e+04
5.170920242896760721e-03 1.524987531523812322e+04
5.478901179593945181e-03 1.581818528418545975e+04
5.805225516094901853e-03 1.639053906039452704e+04
6.150985788580504154e-03 1.696484801605064786e+04
6.517339604882426730e-03 1.753883433154898739e+04
6.905513520162331019e-03 1.811002939316252377e+04
7.316807143427199629e-03 1.867559524014299313e+04
7.752597488629464108e-03 1.923230766779623809e+04
8.214343584919429550e-03 1.977673446629251703e+04
8.703591361485166558e-03 2.030525038419157863e+04
9.221978823334331735e-03 2.081382656485345433e+04
9.771241535346501458e-03 2.129804667561901442e+04
1.035321843295662625e-02 2.175334957193043010e+04
1.096985797892384082e-02 2.217505774706309967e+04
1.162322468679852921e-02 2.255794270974139363e+04
1.231550603292826118e-02 2.289630452504928689e+04
1.304901978014402948e-02 2.318447292170277069e+04
1.382622173764656327e-02 2.341689052888807419e+04
1.464971398307286267e-02 2.358775281263825673e+04
1.552225357427047987e-02 2.369118536953576404e+04
1.644676177994664271e-02 2.372177550568592414e+04
1.742633386009650662e-02 2.367470903995517074e+04
1.846424942895544263e-02 2.354558124268607935e+04
1.956398343517064958e-02 2.333062781729023118e+04
2.072921779595372077e-02 2.302716473195133949e+04
2.196385372416546911e-02 2.263381930630235729e+04
2.327202478960409618e-02 2.215170077455122373e+04
2.465811075822603796e-02 2.158408140124678903e+04
2.612675225563329193e-02 2.093549118902667760e+04
2.768286630392066683e-02 2.021201090171461328e+04
2.933166278390045290e-02 1.942554247323370873e+04
3.107866187782013997e-02 1.859137411515965141e+04
3.292971255097151134e-02 1.772407858704956379e+04
3.489101213406773511e-02 1.683779133762401034e+04
3.696912707195028347e-02 1.595249660884923469e+04
3.917101490809260511e-02 1.508961876598476556e+04
4.150404757850476717e-02 1.426659382067571823e+04
4.397603609302721400e-02 1.349706613468545220e+04
4.659525668664682430e-02 1.279121182597388542e+04
4.937047852839003548e-02 1.215645362484392717e+04
5.231099308056263303e-02 1.159274906930018005e+04
5.542664520663106997e-02 1.109100306381510200e+04
5.872786613189483196e-02 1.063376165245105585e+04
6.222570836730231120e-02 1.019605778931251916e+04
6.593188271333548511e-02 9.748750765457811212e+03
6.985879746785249311e-02 9.261712366509485946e+03
7.401959996915644102e-02 8.711769745078341657e+03
7.842822061337681450e-02 8.091472167472466936e+03
8.309941949353395751e-02 7.412437544455185161e+03
8.804883581643464796e-02 6.709256911650018083e+03
9.329304026284686302e-02 6.030514095948210525e+03
9.884959046625586832e-02 5.427391579962805736e+03
1.047370897959450792e-01 4.935896878404162635e+03
1.109752496412072104e-01 4.564708470767758627e+03
1.175849554052158102e-01 4.288339145871301298e+03
1.245883364295008178e-01 4.051839448359006383e+03
1.320088400831419539e-01 3.790685641480822142e+03
1.398713102647238526e-01 3.463896264494054776e+03
1.482020705798860194e-01 3.083300418062135122e+03
1.570290124729377401e-01 2.708749789267324559e+03
1.663816886076130708e-01 2.406114828294116705e+03
1.762914118095947891e-01 2.198053647440338409e+03
1.867913599020784576e-01 2.047559593807040073e+03
1.979166867853557332e-01 1.887870327938208675e+03
2.097046401323234832e-01 1.684078827735633922e+03
2.221946860939523760e-01 1.473613433933161332e+03
2.354286414322420140e-01 1.309307469458220567e+03
2.494508135230316670e-01 1.195500861760283897e+03
2.643081486974108163e-01 1.087581810582347089e+03
2.800503894183630771e-01 9.617960791290306588e+02
2.967302408188872698e-01 8.464089010553236676e+02
3.144035471591500319e-01 7.610900450015581100e+02
3.331294787934677148e-01 6.833071318649728028e+02
3.529707302730650254e-01 6.022642998161903733e+02
3.739937302478801850e-01 5.341408598791769009e+02
3.962688638701478139e-01 4.765632106599874760e+02
4.198707084443914495e-01 4.206505164761219930e+02
4.448782831127585102e-01 3.721859251380668070e+02
4.713753134116728805e-01 3.296006081339626235e+02
4.994505115855140120e-01 2.904766129783851625e+02
5.291978735958446922e-01 2.565271396126004220e+02
5.607169938205458504e-01 2.258958048014595477e+02
5.941133984965040193e-01 1.989126634860879506e+02
6.294988990221888070e-01 1.748852780730842653e+02
6.669919663030128287e-01 1.536801768433295763e+02
7.067181273927490848e-01 1.348829460995388558e+02
7.488103857590030499e-01 1.182998851237550042e+02
7.934096665797492065e-01 1.036658904211331134e+02
8.406652885618334237e-01 9.076293847086193978e+01
8.907354638610439634e-01 7.940370619565011623e+01
9.437878277775391123e-01 6.940386494119469774e+01
1.000000000000000000e+00 6.061083654489810613e+01
