1.000000000000000082e-05 3.458373205113903026e+01
1.059560179277617057e-05 3.660307692446736638e+01
1.122667773510813544e-05 3.874032859254548811e+01
1.189534067370320835e-05 4.100236530179556382e+01
1.260382929679727389e-05 4.339648047202456382e+01
1.335451562929900141e-05 4.593038495906279195e+01
1.414991297434575937e-05 4.861223966526796403e+01
1.499268432786047117e-05 5.145068219754683980e+01
1.588565129428052877e-05 5.445485512306652964e+01
1.683180353330958413e-05 5.763443488030702611e+01
1.783430876931909215e-05 6.099966287281060318e+01
1.889652339691211472e-05 6.456137819037664372e+01
2.002200371815584479e-05 6.833105223891220703e+01
2.121451784910631934e-05 7.232082600395641236e+01
2.247805833548725246e-05 7.654354916453529256e+01
2.381685551976160786e-05 8.101282101145368131e+01
2.523539170434765982e-05 8.574303379169431594e+01
2.673841615839949297e-05 9.074941953400548300e+01
2.833096101839323942e-05 9.604809908960709208e+01
3.001835813575592089e-05 1.016561338305120614e+02
3.180625692794118915e-05 1.075915803857778599e+02
3.370064329271931777e-05 1.138735488498265056e+02
3.570785964900462521e-05 1.205222642061162617e+02
3.783462617131932846e-05 1.275591302963798910e+02
4.008806328898464845e-05 1.350067977876166196e+02
4.247571552536902605e-05 1.428892380464498899e+02
4.500557675700497562e-05 1.512318201487695148e+02
4.768611697714474431e-05 1.600613904268686838e+02
5.052631065335679548e-05 1.694063572813821281e+02
5.353566677410729675e-05 1.792967841996707250e+02
5.672426068491977794e-05 1.897644861281360136e+02
6.010276782070387642e-05 2.008431276019327640e+02
6.368249944718585675e-05 2.125683281310940629e+02
6.747544053110699554e-05 2.249777798086668952e+02
7.149428986597576249e-05 2.381113677283290997e+02
7.575250258771920673e-05 2.520112895141566867e+02
8.026433522257173624e-05 2.667221855439326532e+02
8.504489341802686365e-05 2.822912884256780330e+02
9.011018251665017960e-05 2.987685730543356044e+02
9.547716114208065730e-05 3.162068995839910031e+02
1.011637979766207013e-04 3.346621732984692699e+02
1.071891319205128638e-04 3.541935355708629345e+02
1.135733358343105206e-04 3.748635500013778028e+02
1.203377840777590556e-04 3.967383680559979098e+02
1.275051240713012809e-04 4.198879234479234128e+02
1.350993521198027864e-04 4.443861779738294331e+02
1.431458937523478591e-04 4.703113506983944490e+02
1.516716888470924095e-04 4.977460987858700037e+02
1.607052818261638333e-04 5.267777505210638083e+02
1.702769172225901374e-04 5.574986252480750863e+02
1.804186409392071779e-04 5.900063121901027898e+02
1.911644075385703697e-04 6.244038464463185392e+02
2.025501939230666413e-04 6.607999831945930964e+02
2.146141197858405776e-04 6.993096187682983782e+02
2.273965752357927448e-04 7.400541233766811047e+02
2.409403560239526765e-04 7.831614700763641395e+02
2.552908068239516468e-04 8.287665498176985466e+02
2.704959730463137079e-04 8.770117308321799783e+02
2.866067616948250111e-04 9.280472437396610985e+02
3.036771118035460487e-04 9.820311877572132744e+02
3.217641750250735269e-04 1.039129882335619186e+03
3.409285069746814732e-04 1.099518611957867051e+03
3.612342699709430527e-04 1.163382051495121686e+03
3.827494478516315301e-04 1.230914040807713945e+03
4.055460735840827930e-04 1.302317965663089353e+03
4.297004704320843828e-04 1.377807732452922892e+03
4.552935074866947636e-04 1.457608205339786764e+03
4.824108704165373600e-04 1.541954619780990924e+03
5.111433483440165366e-04 1.631092981676410545e+03
5.415871378079476200e-04 1.725281292907664920e+03
5.738441648302393047e-04 1.824789953069813691e+03
6.080224261649426910e-04 1.929900723943830826e+03
6.442363508721370797e-04 2.040907129888455074e+03
6.826071834272392233e-04 2.158115883482192658e+03
7.232633896483533272e-04 2.281847156383070796e+03
7.663410868007461971e-04 2.412432658393902329e+03
8.119844993184008319e-04 2.550215996659132543e+03
8.603464416684509499e-04 2.695554411526805325e+03
9.115888299750818944e-04 2.848818769744436850e+03
9.658832241158708896e-04 3.010390253604527516e+03
1.023411402105453864e-03 3.180660631042574096e+03
1.084365968689610842e-03 3.360034338253414717e+03
1.148951000187309855e-03 3.548927609158092309e+03
1.217382727739662078e-03 3.747758737144246425e+03
1.289890261253309484e-03 3.956948531450404062e+03
1.366716356462007289e-03 4.176925089635672521e+03
1.448118227674534582e-03 4.408122473181873829e+03
1.534368408930013262e-03 4.650974381904747133e+03
1.625755666443795110e-03 4.905913546031687474e+03
1.722585965398787389e-03 5.173373039539420461e+03
1.825183494319044218e-03 5.453782613689545542e+03
1.933891750455232110e-03 5.747546992562248306e+03
2.049074689815848227e-03 6.055046952667449659e+03
2.171117945694505096e-03 6.376646762497804957e+03
2.300430119772919023e-03 6.712688764590809114e+03
2.437444150122221927e-03 7.063469536861944107e+03
2.582618760682677504e-03 7.429240192338886118e+03
2.736439997074671757e-03 7.810211901218980529e+03
2.899422853882878057e-03 8.206547801400816752e+03
3.072112998861759037e-03 8.618330679443533882e+03
3.255088599835059826e-03 9.045564325559482313e+03
3.448962260405759751e-03 9.488180390290724972e+03
3.654383070957258062e-03 9.946027012264807126e+03
3.872038781812556923e-03 1.041882269600208929e+04
4.102658105827194576e-03 1.090616165692460163e+04
4.347013158125026359e-03 1.140752517336535129e+04
4.605922041145108295e-03 1.192226474350907301e+04
4.880251583654433324e-03 1.244952192110505712e+04
5.170920242896760721e-03 1.298824813751595320e+04
5.478901179593945181e-03 1.353723176561101536e+04
5.805225516094901853e-03 1.409508168299907629e+04
6.150985788580504154e-03 1.466014711783778330e+04
6.517339604882426730e-03 1.523054592880929704e+04
6.905513520162331019e-03 1.580419679630711471e+04
7.316807143427199629e-03 1.637878945516408930e+04
7.752597488629464108e-03 1.695159112312247089e+04
8.214343584919429550e-03 1.751954644641644700e+04
8.703591361485166558e-03 1.807937388776040461e+04
9.221978823334331735e-03 1.862753365545867928e+04
9.771241535346501458e-03 1.915996555472602995e+04
1.035321843295662625e-02 1.967226883930813710e+04
1.096985797892384082e-02 2.015985904925616342e+04
1.162322468679852921e-02 2.061791374337127490e+04
1.231550603292826118e-02 2.104088713915896369e+04
1.304901978014402948e-02 2.142290754412560273e+04
1.382622173764656327e-02 2.175808878894949157e+04
1.464971398307286267e-02 2.204050545051814333e+04
1.552225357427047987e-02 2.226369253372606181e+04
1.644676177994664271e-02 2.242120344689925332e+04
1.742633386009650662e-02 2.250701764278624614e+04
1.846424942895544263e-02 2.251560538399709185e+04
1.956398343517064958e-02 2.244165431957861801e+04
2.072921779595372077e-02 2.228060727998870789e+04
2.196385372416546911e-02 2.202903353170700211e+04
2.327202478960409618e-02 2.168499765176043729e+04
2.465811075822603796e-02 2.124898938027825352e+04
2.612675225563329193e-02 2.072326169012438913e+04
2.768286630392066683e-02 2.011151768320408519e+04
2.933166278390045290e-02 1.942005376516921388e+04
3.107866187782013997e-02 1.866179345835405547e+04
3.292971255097151134e-02 1.785133541217148741e+04
3.489101213406773511e-02 1.700276079434941857e+04
3.696912707195028347e-02 1.613162054442001499e+04
3.917101490809260511e-02 1.526162296361418157e+04
4.150404757850476717e-02 1.441515960444134907e+04
4.397603609302721400e-02 1.361025104443630698e+04
4.659525668664682430e-02 1.286169279531619031e+04
4.937047852839003548e-02 1.218242195932102368e+04
5.231099308056263303e-02 1.158218992870336842e+04
5.542664520663106997e-02 1.106156414419535577e+04
5.872786613189483196e-02 1.061214384057210009e+04
6.222570836730231120e-02 1.021609219742390087e+04
6.593188271333548511e-02 9.846860644082609724e+03
6.985879746785249311e-02 9.471393232217447803e+03
7.401959996915644102e-02 9.053667289945085940e+03
7.842822061337681450e-02 8.564155320335406941e+03
8.309941949353395751e-02 7.988118389212825605e+03
8.804883581643464796e-02 7.332613258948888870e+03
9.329304026284686302e-02 6.632367419882482864e+03
9.884959046625586832e-02 5.941289777546000551e+03
1.047370897959450792e-01 5.319671929898036069e+03
1.109752496412072104e-01 4.814953037372112703e+03
1.175849554052158102e-01 4.445298635755094438e+03
1.245883364295008178e-01 4.190610641207782464e+03
1.320088400831419539e-01 3.993849859652934811e+03
1.398713102647238526e-01 3.778389509079200707e+03
1.482020705798860194e-01 3.485434446171155741e+03
1.570290124729377401e-01 3.112873025193262038e+03
1.663816886076130708e-01 2.723240236305835879e+03
1.762914118095947891e-01 2.399442832925453331e+03
1.867913599020784576e-01 2.184232177262966616e+03
1.979166867853557332e-01 2.048624298835670743e+03
2.097046401323234832e-01 1.914457666180067918e+03
2.221946860939523760e-01 1.723001739475477052e+03
2.354286414322420140e-01 1.503659187235417903e+03
2.494508135230316670e-01 1.326039928766957473e+03
2.643081486974108163e-01 1.213189300981545557e+03
2.800503894183630771e-01 1.117082644952964074e+03
2.967302408188872698e-01 9.944221936561571056e+02
3.144035471591500319e-01 8.711212569810037394e+02
3.331294787934677148e-01 7.833259393585065027e+02
3.529707302730650254e-01 7.100587003750387112e+02
3.739937302478801850e-01 6.279025506694713386e+02
3.962688638701478139e-01 5.559179368534335026e+02
4.198707084443914495e-01 4.990102173794240343e+02
4.448782831127585102e-01 4.422589518787780776e+02
4.713753134116728805e-01 3.916178918254930181e+02
4.994505115855140120e-01 3.486119791674904604e+02
5.291978735958446922e-01 3.079917684338074082e+02
5.607169938205458504e-01 2.729284611813832271e+02
5.941133984965040193e-01 2.411917999565512787e+02
6.294988990221888070e-01 2.130666972819950047e+02
6.669919663030128287e-01 1.879979411357820140e+02
7.067181273927490848e-01 1.657609549097584534e+02
7.488103857590030499e-01 1.459952914948889031e+02
7.934096665797492065e-01 1.284980924992369182e+02
8.406652885618334237e-01 1.130005972183745087e+02
8.907354638610439634e-01 9.928760748684926796e+01
9.437878277775391123e-01 8.717214573518101872e+01
1.000000000000000000e+00 7.646785511616707254e+01
