1.000000000000000082e-05 8.768299150075763748e+01
1.059560179277617057e-05 9.241989261031247338e+01
1.122667773510813544e-05 9.741268370209971295e+01
1.189534067370320835e-05 1.026751962480448412e+02
1.260382929679727389e-05 1.082219987089817295e+02
1.335451562929900141e-05 1.140684462925882912e+02
1.414991297434575937e-05 1.202307246320003031e+02
1.499268432786047117e-05 1.267258943345731552e+02
1.588565129428052877e-05 1.335719375383146712e+02
1.683180353330958413e-05 1.407878075759045089e+02
1.783430876931909215e-05 1.483934804970339769e+02
1.889652339691211472e-05 1.564100105436399701e+02
2.002200371815584479e-05 1.648595888644212266e+02
2.121451784910631934e-05 1.737656048067055394e+02
2.247805833548725246e-05 1.831527098386435171e+02
2.381685551976160786e-05 1.930468858970697283e+02
2.523539170434765982e-05 2.034755175745755480e+02
2.673841615839949297e-05 2.144674675465559517e+02
2.833096101839323942e-05 2.260531541783917930e+02
3.001835813575592089e-05 2.382646361623823452e+02
3.180625692794118915e-05 2.511357020222652636e+02
3.370064329271931777e-05 2.647019630981886849e+02
3.570785964900462521e-05 2.790009497037282244e+02
3.783462617131932846e-05 2.940722153185697039e+02
4.008806328898464845e-05 3.099574465690859597e+02
4.247571552536902605e-05 3.267005771046582936e+02
4.500557675700497562e-05 3.443479013346036481e+02
4.768611697714474431e-05 3.629482044325006314e+02
5.052631065335679548e-05 3.825528995495321283e+02
5.353566677410729675e-05 4.032161673181693118e+02
5.672426068491977794e-05 4.249950929002821454e+02
6.010276782070387642e-05 4.479498270435021823e+02
6.368249944718585675e-05 4.721437554962295167e+02
6.747544053110699554e-05 4.976436685508327287e+02
7.149428986597576249e-05 5.245199196918878215e+02
7.575250258771920673e-05 5.528466273867768450e+02
8.026433522257173624e-05 5.827018858562765899e+02
8.504489341802686365e-05 6.141679691714539331e+02
9.011018251665017960e-05 6.473315081382120297e+02
9.547716114208065730e-05 6.822837450606754146e+02
1.011637979766207013e-04 7.191207962267301355e+02
1.071891319205128638e-04 7.579438936149272195e+02
1.135733358343105206e-04 7.988595679871755237e+02
1.203377840777590556e-04 8.419799746548221719e+02
1.275051240713012809e-04 8.874232210237128129e+02
1.350993521198027864e-04 9.353136446921582774e+02
1.431458937523478591e-04 9.857819730497791397e+02
1.516716888470924095e-04 1.038965748190690874e+03
1.607052818261638333e-04 1.095009736816816257e+03
1.702769172225901374e-04 1.154066234609333378e+03
1.804186409392071779e-04 1.216295143801748509e+03
1.911644075385703697e-04 1.281864540649821492e+03
2.025501939230666413e-04 1.350951188580704638e+03
2.146141197858405776e-04 1.423740841877249977e+03
2.273965752357927448e-04 1.500428136596344075e+03
2.409403560239526765e-04 1.581217366853045405e+03
2.552908068239516468e-04 1.666323124349234831e+03
2.704959730463137079e-04 1.755970546982461656e+03
2.866067616948250111e-04 1.850394856988732045e+03
3.036771118035460487e-04 1.949842440182666678e+03
3.217641750250735269e-04 2.054571631616004197e+03
3.409285069746814732e-04 2.164852821701641460e+03
3.612342699709430527e-04 2.280967430457052615e+03
3.827494478516315301e-04 2.403209395141639561e+03
4.055460735840827930e-04 2.531886101732939096e+03
4.297004704320843828e-04 2.667318231830858167e+03
4.552935074866947636e-04 2.809837963946828950e+03
4.824108704165373600e-04 2.959790946234470539e+03
5.111433483440165366e-04 3.117537331420128339e+03
5.415871378079476200e-04 3.283451254283730123e+03
5.738441648302393047e-04 3.457918185267961690e+03
6.080224261649426910e-04 3.641337336535189479e+03
6.442363508721370797e-04 3.834122683465888258e+03
6.826071834272392233e-04 4.036701741409479382e+03
7.232633896483533272e-04 4.249511399495455407e+03
7.663410868007461971e-04 4.473001069113473932e+03
8.119844993184008319e-04 4.707633656725000947e+03
8.603464416684509499e-04 4.953883180443600395e+03
9.115888299750818944e-04 5.212228303157986375e+03
9.658832241158708896e-04 5.483156556918454953e+03
1.023411402105453864e-03 5.767165157530273063e+03
1.084365968689610842e-03 6.064754179910260973e+03
1.148951000187309855e-03 6.376409984038624316e+03
1.217382727739662078e-03 6.702616102139746545e+03
1.289890261253309484e-03 7.043854954621268917e+03
1.366716356462007289e-03 7.400601971899955061e+03
1.448118227674534582e-03 7.773314154736570345e+03
1.534368408930013262e-03 8.162435058538956582e+03
1.625755666443795110e-03 8.568393833410804291e+03
1.722585965398787389e-03 8.991589033369600656e+03
1.825183494319044218e-03 9.432356611235865785e+03
1.933891750455232110e-03 9.890990275001857299e+03
2.049074689815848227e-03 1.036774252217915091e+04
2.171117945694505096e-03 1.086280557546067394e+04
2.300430119772919023e-03 1.137627797131824627e+04
2.437444150122221927e-03 1.190818379298982654e+04
2.582618760682677504e-03 1.245847159437518530e+04
2.736439997074671757e-03 1.302698936178415897e+04
2.899422853882878057e-03 1.361344401656641639e+04
3.072112998861759037e-03 1.421742616116451063e+04
3.255088599835059826e-03 1.483840881589972560e+04
3.448962260405759751e-03 1.547571019404872277e+04
3.654383070957258062e-03 1.612843660085077317e+04
3.872038781812556923e-03 1.679552593101598904e+04
4.102658105827194576e-03 1.747574980994768703e+04
4.347013158125026359e-03 1.816765624669507451e+04
4.605922041145108295e-03 1.886948672166092001e+04
4.880251583654433324e-03 1.957925695448245096e+04
5.170920242896760721e-03 2.029476811499350515e+04
5.478901179593945181e-03 2.101354831448757614e+04
5.805225516094901853e-03 2.173277536566639537e+04
6.150985788580504154e-03 2.244937441875723380e+04
6.517339604882426730e-03 2.316003889940486988e+04
6.905513520162331019e-03 2.386108085683954050e+04
7.316807143427199629e-03 2.454825059866956144e+04
7.752597488629464108e-03 2.521701554899153780e+04
8.214343584919429550e-03 2.586262411464252364e+04
8.703591361485166558e-03 2.647990136955862909e+04
9.221978823334331735e-03 2.706303587200909897e+04
9.771241535346501458e-03 2.760601208588051304e+04
1.035321843295662625e-02 2.810272403802397821e+04
1.096985797892384082e-02 2.854665951421076898e+04
1.162322468679852921e-02 2.893062793362169396e+04
1.231550603292826118e-02 2.924748335671180030e+04
1.304901978014402948e-02 2.949032067678099702e+04
1.382622173764656327e-02 2.965197165466439765e+04
1.464971398307286267e-02 2.972466836745652836e+04
1.552225357427047987e-02 2.970123157012723459e+04
1.644676177994664271e-02 2.957538921104607289e+04
1.742633386009650662e-02 2.934168773459797376e+04
1.846424942895544263e-02 2.899552307719075907e+04
1.956398343517064958e-02 2.853382389875797526e+04
2.072921779595372077e-02 2.795531034803166767e+04
2.196385372416546911e-02 2.726141241270383762e+04
2.327202478960409618e-02 2.645668633812309781e+04
2.465811075822603796e-02 2.554762936783799159e+04
2.612675225563329193e-02 2.454258998834118029e+04
2.768286630392066683e-02 2.345594760822958415e+04
2.933166278390045290e-02 2.230881835810575285e+04
3.107866187782013997e-02 2.112170307929249248e+04
3.292971255097151134e-02 1.991370322135633614e+04
3.489101213406773511e-02 1.870982909324689172e+04
3.696912707195028347e-02 1.754103018704879651e+04
3.917101490809260511e-02 1.643230879784791250e+04
4.150404757850476717e-02 1.540260779044404626e+04
4.397603609302721400e-02 1.446714782932841990e+04
4.659525668664682430e-02 1.363768687096133908e+04
4.937047852839003548e-02 1.291977396587730436e+04
5.231099308056263303e-02 1.230398117383213503e+04
5.542664520663106997e-02 1.177237199236106972e+04
5.872786613189483196e-02 1.129538769136432529e+04
6.222570836730231120e-02 1.083516923683917958e+04
6.593188271333548511e-02 1.034689804519755489e+04
6.985879746785249311e-02 9.792062171533239962e+03
7.401959996915644102e-02 9.142335331333330032e+03
7.842822061337681450e-02 8.396423266386067553e+03
8.309941949353395751e-02 7.582035150719263584e+03
8.804883581643464796e-02 6.755343423368322874e+03
9.329304026284686302e-02 5.986265834036457818e+03
9.884959046625586832e-02 5.338158891311268235e+03
1.047370897959450792e-01 4.847004273555801774e+03
1.109752496412072104e-01 4.507508030546197915e+03
1.175849554052158102e-01 4.270318411472464504e+03
1.245883364295008178e-01 4.053417287050221148e+03
1.320088400831419539e-01 3.774410400948858296e+03
1.398713102647238526e-01 3.398655752588917039e+03
1.482020705798860194e-01 2.967396244186400054e+03
1.570290124729377401e-01 2.571724661927099532e+03
1.663816886076130708e-01 2.285628904213895112e+03
1.762914118095947891e-01 2.112034222325428345e+03
1.867913599020784576e-01 1.983046916949416300e+03
1.979166867853557332e-01 1.812241286774369655e+03
2.097046401323234832e-01 1.586186829313770659e+03
2.221946860939523760e-01 1.372972130335203246e+03
2.354286414322420140e-01 1.228217878034239675e+03
2.494508135230316670e-01 1.131238260917099069e+03
2.643081486974108163e-01 1.020419224942676351e+03
2.800503894183630771e-01 8.887330571667822596e+02
2.967302408188872698e-01 7.829985567585434865e+02
3.144035471591500319e-01 7.083741419819424436e+02
3.331294787934677148e-01 6.306286657399195974e+02
3.529707302730650254e-01 5.517348407638280605e+02
3.739937302478801850e-01 4.911239216608743732e+02
3.962688638701478139e-01 4.364117973446374776e+02
4.198707084443914495e-01 3.832063195369372011e+02
4.448782831127585102e-01 3.392723332513518244e+02
4.713753134116728805e-01 2.991865672035190187e+02
4.994505115855140120e-01 2.632044281449527716e+02
5.291978735958446922e-01 2.319334226813642204e+02
5.607169938205458504e-01 2.037192523982383534e+02
5.941133984965040193e-01 1.790528708800563891e+02
6.294988990221888070e-01 1.571045126173052608e+02
6.669919663030128287e-01 1.377659804139750008e+02
7.067181273927490848e-01 1.206878922493864792e+02
7.488103857590030499e-01 1.056592494830342162e+02
7.934096665797492065e-01 9.241767394523456858e+01
8.406652885618334237e-01 8.077498542315670704e+01
8.907354638610439634e-01 7.054393841309159541e+01
9.437878277775391123e-01 6.155495537040280851e+01
1.000000000000000000e+00 5.367687406676064654e+01
