1.000000000000000082e-05 1.052087591061934404e+02
1.059560179277617057e-05 1.108033490602159645e+02
1.122667773510813544e-05 1.166954090400983688e+02
1.189534067370320835e-05 1.229007816294299857e+02
1.260382929679727389e-05 1.294361251018774226e+02
1.335451562929900141e-05 1.363189831947938444e+02
1.414991297434575937e-05 1.435678325382830565e+02
1.499268432786047117e-05 1.512021325853221185e+02
1.588565129428052877e-05 1.592423773292104556e+02
1.683180353330958413e-05 1.677101502266643251e+02
1.783430876931909215e-05 1.766281819992657631e+02
1.889652339691211472e-05 1.860204115201444495e+02
2.002200371815584479e-05 1.959120501502265483e+02
2.121451784910631934e-05 2.063296493611843516e+02
2.247805833548725246e-05 2.173011711764926304e+02
2.381685551976160786e-05 2.288560625298431432e+02
2.523539170434765982e-05 2.410253351025916402e+02
2.673841615839949297e-05 2.538416484967928568e+02
2.833096101839323942e-05 2.673393961544983881e+02
3.001835813575592089e-05 2.815547963339358830e+02
3.180625692794118915e-05 2.965259908723526223e+02
3.370064329271931777e-05 3.122931473962217410e+02
3.570785964900462521e-05 3.288985649389651940e+02
3.783462617131932846e-05 3.463867858841611564e+02
4.008806328898464845e-05 3.648047170635321095e+02
4.247571552536902605e-05 3.842017551511288502e+02
4.500557675700497562e-05 4.046299130112906823e+02
4.768611697714474431e-05 4.261439553388750028e+02
5.052631065335679548e-05 4.488015504806534750e+02
5.353566677410729675e-05 4.726634242856766832e+02
5.672426068491977794e-05 4.977935125924203703e+02
6.010276782070387642e-05 5.242591266864259296e+02
6.368249944718585675e-05 5.521311411944451493e+02
6.747544053110699554e-05 5.814841821550988925e+02
7.149428986597576249e-05 6.123968045743476978e+02
7.575250258771920673e-05 6.449516914780065235e+02
8.026433522257173624e-05 6.792358912840012408e+02
8.504489341802686365e-05 7.153410470269061534e+02
9.011018251665017960e-05 7.533635985732029212e+02
9.547716114208065730e-05 7.934050211654226814e+02
1.011637979766207013e-04 8.355721257129256401e+02
1.071891319205128638e-04 8.799773362153631524e+02
1.135733358343105206e-04 9.267389053875771197e+02
1.203377840777590556e-04 9.759811967982308261e+02
1.275051240713012809e-04 1.027835070989158339e+03
1.350993521198027864e-04 1.082438217714126495e+03
1.431458937523478591e-04 1.139935358778815726e+03
1.516716888470924095e-04 1.200478576775212559e+03
1.607052818261638333e-04 1.264227819245212913e+03
1.702769172225901374e-04 1.331351289534816488e+03
1.804186409392071779e-04 1.402025580643307194e+03
1.911644075385703697e-04 1.476436050792715605e+03
2.025501939230666413e-04 1.554777493553582417e+03
2.146141197858405776e-04 1.637254584408661458e+03
2.273965752357927448e-04 1.724081841448648674e+03
2.409403560239526765e-04 1.815484044910843522e+03
2.552908068239516468e-04 1.911697140346240076e+03
2.704959730463137079e-04 2.012968724789101316e+03
2.866067616948250111e-04 2.119557662667042678e+03
3.036771118035460487e-04 2.231734543960631527e+03
3.217641750250735269e-04 2.349782905309049511e+03
3.409285069746814732e-04 2.473999718645403846e+03
3.612342699709430527e-04 2.604694430845820534e+03
3.827494478516315301e-04 2.742189455366671609e+03
4.055460735840827930e-04 2.886821788908196595e+03
4.297004704320843828e-04 3.038943436774627116e+03
4.552935074866947636e-04 3.198919620444861721e+03
4.824108704165373600e-04 3.367129295862608160e+03
5.111433483440165366e-04 3.543967195224951865e+03
5.415871378079476200e-04 3.729844098162023784e+03
5.738441648302393047e-04 3.925184087286250360e+03
6.080224261649426910e-04 4.130425071659833520e+03
6.442363508721370797e-04 4.346021130370256287e+03
6.826071834272392233e-04 4.572442445942568156e+03
7.232633896483533272e-04 4.810170725984434284e+03
7.663410868007461971e-04 5.059699729286799084e+03
8.119844993184008319e-04 5.321538171361128661e+03
8.603464416684509499e-04 5.596209090552511952e+03
9.115888299750818944e-04 5.884242833483548566e+03
9.658832241158708896e-04 6.186177563422679668e+03
1.023411402105453864e-03 6.502562665381084116e+03
1.084365968689610842e-03 6.833956333824306967e+03
1.148951000187309855e-03 7.180905659899935017e+03
1.217382727739662078e-03 7.543948593575149971e+03
1.289890261253309484e-03 7.923622829615826049e+03
1.366716356462007289e-03 8.320462922030808841e+03
1.448118227674534582e-03 8.734988055853280457e+03
1.534368408930013262e-03 9.167701549596673431e+03
1.625755666443795110e-03 9.619093215093414983e+03
1.722585965398787389e-03 1.008963219592882524e+04
1.825183494319044218e-03 1.057972655718464011e+04
1.933891750455232110e-03 1.108972839889712304e+04
2.049074689815848227e-03 1.161994780063390681e+04
2.171117945694505096e-03 1.217064331061200755e+04
2.300430119772919023e-03 1.274197956202692330e+04
2.437444150122221927e-03 1.333403173103023619e+04
2.582618760682677504e-03 1.394679659144162179e+04
2.736439997074671757e-03 1.458017932337149068e+04
2.899422853882878057e-03 1.523393825915197885e+04
3.072112998861759037e-03 1.590769308833231480e+04
3.255088599835059826e-03 1.660093909355448341e+04
3.448962260405759751e-03 1.731302928220219474e+04
3.654383070957258062e-03 1.804309562713287960e+04
3.872038781812556923e-03 1.879006787942680967e+04
4.102658105827194576e-03 1.955269759937023264e+04
4.347013158125026359e-03 2.032953241997531586e+04
4.605922041145108295e-03 2.111878471013424132e+04
4.880251583654433324e-03 2.191837974410991228e+04
5.170920242896760721e-03 2.272600619146025929e+04
5.478901179593945181e-03 2.353909480124597030e+04
5.805225516094901853e-03 2.435470011735891239e+04
6.150985788580504154e-03 2.516955997932675382e+04
6.517339604882426730e-03 2.598015165208757026e+04
6.905513520162331019e-03 2.678264447321075204e+04
7.316807143427199629e-03 2.757258337275013037e+04
7.752597488629464108e-03 2.834508791055683832e+04
8.214343584919429550e-03 2.909501721864647334e+04
8.703591361485166558e-03 2.981690987927918104e+04
9.221978823334331735e-03 3.050452180357345787e+04
9.771241535346501458e-03 3.115118649665256453e+04
1.035321843295662625e-02 3.175008922594841715e+04
1.096985797892384082e-02 3.229421018365443160e+04
1.162322468679852921e-02 3.277574830577934335e+04
1.231550603292826118e-02 3.318668873329368216e+04
1.304901978014402948e-02 3.351920487456091359e+04
1.382622173764656327e-02 3.376556956271030504e+04
1.464971398307286267e-02 3.391726654059875000e+04
1.552225357427047987e-02 3.396599389195210097e+04
1.644676177994664271e-02 3.390430529106134782e+04
1.742633386009650662e-02 3.372571219315363123e+04
1.846424942895544263e-02 3.342440780038715457e+04
1.956398343517064958e-02 3.299594669261306262e+04
2.072921779595372077e-02 3.243767454853501113e+04
2.196385372416546911e-02 3.174931690836022244e+04
2.327202478960409618e-02 3.093452754574815845e+04
2.465811075822603796e-02 2.999946646452683854e+04
2.612675225563329193e-02 2.895216404816041540e+04
2.768286630392066683e-02 2.780432811214021058e+04
2.933166278390045290e-02 2.657717379621162399e+04
3.107866187782013997e-02 2.529352015515216772e+04
3.292971255097151134e-02 2.397468520201896172e+04
3.489101213406773511e-02 2.264347675766143948e+04
3.696912707195028347e-02 2.133285029302597832e+04
3.917101490809260511e-02 2.007279292988554516e+04
4.150404757850476717e-02 1.888676211060112837e+04
4.397603609302721400e-02 1.779285116030060453e+04
4.659525668664682430e-02 1.680501984945173899e+04
4.937047852839003548e-02 1.593247962066379114e+04
5.231099308056263303e-02 1.516984339181987707e+04
5.542664520663106997e-02 1.450081954768909054e+04
5.872786613189483196e-02 1.389677558871268593e+04
6.222570836730231120e-02 1.331859594033706162e+04
6.593188271333548511e-02 1.272074408186728760e+04
6.985879746785249311e-02 1.205896833256196987e+04
7.401959996915644102e-02 1.130163982835891147e+04
7.842822061337681450e-02 1.044022334799046439e+04
8.309941949353395751e-02 9.497961766509670269e+03
8.804883581643464796e-02 8.529900681863853606e+03
9.329304026284686302e-02 7.610188737098555976e+03
9.884959046625586832e-02 6.810996853906790420e+03
1.047370897959450792e-01 6.180143050415181278e+03
1.109752496412072104e-01 5.721515605557508025e+03
1.175849554052158102e-01 5.390646720546959841e+03
1.245883364295008178e-01 5.102951061757559728e+03
1.320088400831419539e-01 4.765449400475071343e+03
1.398713102647238526e-01 4.326838402881549882e+03
1.482020705798860194e-01 3.816338758010747824e+03
1.570290124729377401e-01 3.327256630214832512e+03
1.663816886076130708e-01 2.949824717528842484e+03
1.762914118095947891e-01 2.704515957208639520e+03
1.867913599020784576e-01 2.528209606378769422e+03
1.979166867853557332e-01 2.323789433643633402e+03
2.097046401323234832e-01 2.054949814027069806e+03
2.221946860939523760e-01 1.786215484514047830e+03
2.354286414322420140e-01 1.588391078279325939e+03
2.494508135230316670e-01 1.455617396192008982e+03
2.643081486974108163e-01 1.320220698008206682e+03
2.800503894183630771e-01 1.158600885132597796e+03
2.967302408188872698e-01 1.017949062022067324e+03
3.144035471591500319e-01 9.173862179189364952e+02
3.331294787934677148e-01 8.208318502705400306e+02
3.529707302730650254e-01 7.200994762876508730e+02
3.739937302478801850e-01 6.389152390471911076e+02
3.962688638701478139e-01 5.690665422325367899e+02
4.198707084443914495e-01 5.005924552691203644e+02
4.448782831127585102e-01 4.426293487289723316e+02
4.713753134116728805e-01 3.911113580523729070e+02
4.994505115855140120e-01 3.440372348084612781e+02
5.291978735958446922e-01 3.033832156477151898e+02
5.607169938205458504e-01 2.666283091606352400e+02
5.941133984965040193e-01 2.344466311404452767e+02
6.294988990221888070e-01 2.057784295388856037e+02
6.669919663030128287e-01 1.805328252974593966e+02
7.067181273927490848e-01 1.582001930467568229e+02
7.488103857590030499e-01 1.385452243765184903e+02
7.934096665797492065e-01 1.212196777701124120e+02
8.406652885618334237e-01 1.059733093701535864e+02
8.907354638610439634e-01 9.257301147073023628e+01
9.437878277775391123e-01 8.079483817619299657e+01
1.000000000000000000e+00 7.046092111657156920e+01
