1.000000000000000082e-05 2.905453277283907099e+01
1.059560179277617057e-05 3.079296413764204843e+01
1.122667773510813544e-05 3.263540570844658362e+01
1.189534067370320835e-05 3.458808222214614858e+01
1.260382929679727389e-05 3.665759191722366239e+01
1.335451562929900141e-05 3.885092416769907686e+01
1.414991297434575937e-05 4.117548641389517883e+01
1.499268432786047117e-05 4.363912982213366831e+01
1.588565129428052877e-05 4.625017573253892778e+01
1.683180353330958413e-05 4.901744337725398992e+01
1.783430876931909215e-05 5.195027959888280833e+01
1.889652339691211472e-05 5.505858969467026043e+01
2.002200371815584479e-05 5.835287094591497947e+01
2.121451784910631934e-05 6.184424844212361450e+01
2.247805833548725246e-05 6.554451264577527070e+01
2.381685551976160786e-05 6.946615941349303114e+01
2.523539170434765982e-05 7.362243211890799444e+01
2.673841615839949297e-05 7.802736621184153876e+01
2.833096101839323942e-05 8.269583642988685313e+01
3.001835813575592089e-05 8.764360556794595425e+01
3.180625692794118915e-05 9.288737790444261577e+01
3.370064329271931777e-05 9.844485620288371308e+01
3.570785964900462521e-05 1.043348013193508024e+02
3.783462617131932846e-05 1.105770950473282710e+02
4.008806328898464845e-05 1.171928071543147638e+02
4.247571552536902605e-05 1.242042664909616718e+02
4.500557675700497562e-05 1.316351358007432850e+02
4.768611697714474431e-05 1.395104883464945829e+02
5.052631065335679548e-05 1.478568930223391078e+02
5.353566677410729675e-05 1.567025049968570443e+02
5.672426068491977794e-05 1.660771596899088252e+02
6.010276782070387642e-05 1.760124683815344042e+02
6.368249944718585675e-05 1.865419255684254551e+02
6.747544053110699554e-05 1.977010231379622383e+02
7.149428986597576249e-05 2.095273678033383078e+02
7.575250258771920673e-05 2.220607969040983676e+02
8.026433522257173624e-05 2.353435147344326026e+02
8.504489341802686365e-05 2.494202373616422790e+02
9.011018251665017960e-05 2.643383386528068399e+02
9.547716114208065730e-05 2.801479885413787088e+02
1.011637979766207013e-04 2.969023263953910146e+02
1.071891319205128638e-04 3.146576443775438747e+02
1.135733358343105206e-04 3.334735672525000041e+02
1.203377840777590556e-04 3.534132109384149203e+02
1.275051240713012809e-04 3.745434045014922617e+02
1.350993521198027864e-04 3.969349227385190488e+02
1.431458937523478591e-04 4.206627041083110043e+02
1.516716888470924095e-04 4.458060203398742374e+02
1.607052818261638333e-04 4.724487633718576376e+02
1.702769172225901374e-04 5.006797405403908101e+02
1.804186409392071779e-04 5.305929319843481835e+02
1.911644075385703697e-04 5.622876484111466198e+02
2.025501939230666413e-04 5.958689066057578430e+02
2.146141197858405776e-04 6.314478035858135172e+02
2.273965752357927448e-04 6.691418079503318950e+02
2.409403560239526765e-04 7.090748594406778693e+02
2.552908068239516468e-04 7.513778673630491767e+02
2.704959730463137079e-04 7.961891824113996563e+02
2.866067616948250111e-04 8.436549039548604014e+02
3.036771118035460487e-04 8.939288421952616090e+02
3.217641750250735269e-04 9.471731865696655177e+02
3.409285069746814732e-04 1.003559092842710129e+03
3.612342699709430527e-04 1.063266970442259662e+03
3.827494478516315301e-04 1.126486196054949232e+03
4.055460735840827930e-04 1.193416006447804875e+03
4.297004704320843828e-04 1.264266208471230357e+03
4.552935074866947636e-04 1.339257392122096235e+03
4.824108704165373600e-04 1.418620277851856827e+03
5.111433483440165366e-04 1.502596874005081645e+03
5.415871378079476200e-04 1.591441291733019398e+03
5.738441648302393047e-04 1.685419818116998385e+03
6.080224261649426910e-04 1.784809817834847308e+03
6.442363508721370797e-04 1.889901145156822395e+03
6.826071834272392233e-04 2.000997003693023316e+03
7.232633896483533272e-04 2.118413713298052244e+03
7.663410868007461971e-04 2.242478803266838895e+03
8.119844993184008319e-04 2.373532798586881654e+03
8.603464416684509499e-04 2.511930087909620397e+03
9.115888299750818944e-04 2.658038058681140683e+03
9.658832241158708896e-04 2.812233669724920219e+03
1.023411402105453864e-03 2.974905894252451617e+03
1.084365968689610842e-03 3.146456553930813243e+03
1.148951000187309855e-03 3.327297508750469206e+03
1.217382727739662078e-03 3.517842271431955851e+03
1.289890261253309484e-03 3.718511105961217254e+03
1.366716356462007289e-03 3.929732171747100438e+03
1.448118227674534582e-03 4.151937971610896057e+03
1.534368408930013262e-03 4.385556887828108302e+03
1.625755666443795110e-03 4.631017083308242945e+03
1.722585965398787389e-03 4.888746445504715666e+03
1.825183494319044218e-03 5.159164947361549821e+03
1.933891750455232110e-03 5.442667617947172403e+03
2.049074689815848227e-03 5.739633106721855256e+03
2.171117945694505096e-03 6.050423719452415753e+03
2.300430119772919023e-03 6.375374122156054000e+03
2.437444150122221927e-03 6.714768833069755601e+03
2.582618760682677504e-03 7.068852762093262754e+03
2.736439997074671757e-03 7.437830174108190477e+03
2.899422853882878057e-03 7.821849618166793334e+03
3.072112998861759037e-03 8.220976776189203520e+03
3.255088599835059826e-03 8.635206610388913759e+03
3.448962260405759751e-03 9.064461182617607847e+03
3.654383070957258062e-03 9.508567385359761829e+03
3.872038781812556923e-03 9.967218730690578013e+03
4.102658105827194576e-03 1.043999630618610172e+04
4.347013158125026359e-03 1.092636752457631883e+04
4.605922041145108295e-03 1.142564999184888438e+04
4.880251583654433324e-03 1.193695138563869659e+04
5.170920242896760721e-03 1.245921379628232171e+04
5.478901179593945181e-03 1.299121761871601302e+04
5.805225516094901853e-03 1.353154293172453072e+04
6.150985788580504154e-03 1.407850995590883394e+04
6.517339604882426730e-03 1.463023374575208072e+04
6.905513520162331019e-03 1.518463362248498925e+04
7.316807143427199629e-03 1.573935636059598801e+04
7.752597488629464108e-03 1.629166289987142045e+04
8.214343584919429550e-03 1.683856877117755357e+04
8.703591361485166558e-03 1.737687758772790039e+04
9.221978823334331735e-03 1.790302681084082724e+04
9.771241535346501458e-03 1.841288155140850358e+04
1.035321843295662625e-02 1.890204964245293741e+04
1.096985797892384082e-02 1.936596392729677609e+04
1.162322468679852921e-02 1.979973756524138662e+04
1.231550603292826118e-02 2.019799570717448296e+04
1.304901978014402948e-02 2.055526260823819030e+04
1.382622173764656327e-02 2.086608700415375642e+04
1.464971398307286267e-02 2.112474723128511323e+04
1.552225357427047987e-02 2.132496787481117281e+04
1.644676177994664271e-02 2.146069011862266052e+04
1.742633386009650662e-02 2.152630302954820945e+04
1.846424942895544263e-02 2.151660049827324110e+04
1.956398343517064958e-02 2.142677794941479806e+04
2.072921779595372077e-02 2.125293260811442451e+04
2.196385372416546911e-02 2.099227773975166201e+04
2.327202478960409618e-02 2.064383866622723872e+04
2.465811075822603796e-02 2.020891629438302698e+04
2.612675225563329193e-02 1.969022758453780989e+04
2.768286630392066683e-02 1.909185091740679127e+04
2.933166278390045290e-02 1.842204002167356521e+04
3.107866187782013997e-02 1.769434366022910399e+04
3.292971255097151134e-02 1.692245050573749177e+04
3.489101213406773511e-02 1.611950497194636591e+04
3.696912707195028347e-02 1.530295490105108183e+04
3.917101490809260511e-02 1.449555011661719618e+04
4.150404757850476717e-02 1.371669447136952840e+04
4.397603609302721400e-02 1.298197123568655661e+04
4.659525668664682430e-02 1.230427099783620724e+04
4.937047852839003548e-02 1.169407008050130935e+04
5.231099308056263303e-02 1.115785247795980831e+04
5.542664520663106997e-02 1.069097344767422146e+04
5.872786613189483196e-02 1.028206525105670698e+04
6.222570836730231120e-02 9.910114558193286939e+03
6.593188271333548511e-02 9.546111202144918934e+03
6.985879746785249311e-02 9.157773022374123684e+03
7.401959996915644102e-02 8.713642736072764819e+03
7.842822061337681450e-02 8.192280377059711100e+03
8.309941949353395751e-02 7.589999379175626927e+03
8.804883581643464796e-02 6.927508024528668102e+03
9.329304026284686302e-02 6.247719391935460408e+03
9.884959046625586832e-02 5.606636130398356727e+03
1.047370897959450792e-01 5.056779721131363658e+03
1.109752496412072104e-01 4.630066671910481091e+03
1.175849554052158102e-01 4.325338330130625764e+03
1.245883364295008178e-01 4.104394156182421284e+03
1.320088400831419539e-01 3.900983826587214935e+03
1.398713102647238526e-01 3.647018967465609421e+03
1.482020705798860194e-01 3.312251003376074095e+03
1.570290124729377401e-01 2.928867928963845770e+03
1.663816886076130708e-01 2.572353467428587464e+03
1.762914118095947891e-01 2.306592603971500466e+03
1.867913599020784576e-01 2.136976219713429600e+03
1.979166867853557332e-01 2.006511384184266490e+03
2.097046401323234832e-01 1.842798338250352799e+03
2.221946860939523760e-01 1.631111274885705598e+03
2.354286414322420140e-01 1.429581013350617695e+03
2.494508135230316670e-01 1.286492660778552136e+03
2.643081486974108163e-01 1.186099489557384231e+03
2.800503894183630771e-01 1.075515600086228915e+03
2.967302408188872698e-01 9.474116186196805529e+02
3.144035471591500319e-01 8.413320558405738439e+02
3.331294787934677148e-01 7.631740666158208342e+02
3.529707302730650254e-01 6.837839068773829467e+02
3.739937302478801850e-01 6.038704951178937108e+02
3.962688638701478139e-01 5.401803490405278581e+02
4.198707084443914495e-01 4.826778174945547448e+02
4.448782831127585102e-01 4.272303615526906242e+02
4.713753134116728805e-01 3.802863752682745258e+02
4.994505115855140120e-01 3.375477729074173112e+02
5.291978735958446922e-01 2.988902720395190045e+02
5.607169938205458504e-01 2.649585522948942753e+02
5.941133984965040193e-01 2.342595779759923857e+02
6.294988990221888070e-01 2.071485536115667969e+02
6.669919663030128287e-01 1.828874270310857639e+02
7.067181273927490848e-01 1.613769169426098813e+02
7.488103857590030499e-01 1.422431693793298848e+02
7.934096665797492065e-01 1.252955867359885929e+02
8.406652885618334237e-01 1.102711660968769820e+02
8.907354638610439634e-01 9.697045980162268108e+01
9.437878277775391123e-01 8.520383956323946961e+01
1.000000000000000000e+00 7.479864598589601599e+01
