1.000000000000000082e-05 3.805944729176405161e+01
1.059560179277617057e-05 4.033897613367056323e+01
1.122667773510813544e-05 4.275503392311571815e+01
1.189534067370320835e-05 4.531579723767627854e+01
1.260382929679727389e-05 4.802993203925364440e+01
1.335451562929900141e-05 5.090662320671938801e+01
1.414991297434575937e-05 5.395560574575198132e+01
1.499268432786047117e-05 5.718719761440264193e+01
1.588565129428052877e-05 6.061233458057527201e+01
1.683180353330958413e-05 6.424260736249772208e+01
1.783430876931909215e-05 6.809030132302135030e+01
1.889652339691211472e-05 7.216843770229029076e+01
2.002200371815584479e-05 7.649081756037129765e+01
2.121451784910631934e-05 8.107206795140729128e+01
2.247805833548725246e-05 8.592768986518514396e+01
2.381685551976160786e-05 9.107411170575426240e+01
2.523539170434765982e-05 9.652874514990853072e+01
2.673841615839949297e-05 1.023100441123051780e+02
2.833096101839323942e-05 1.084375674851556539e+02
3.001835813575592089e-05 1.149320449175819618e+02
3.180625692794118915e-05 1.218154467579343532e+02
3.370064329271931777e-05 1.291110574613886115e+02
3.570785964900462521e-05 1.368435521857335573e+02
3.783462617131932846e-05 1.450390816077138822e+02
4.008806328898464845e-05 1.537253605539415275e+02
4.247571552536902605e-05 1.629317604925961689e+02
4.500557675700497562e-05 1.726894062963310148e+02
4.768611697714474431e-05 1.830312828570502290e+02
5.052631065335679548e-05 1.939923465829725444e+02
5.353566677410729675e-05 2.056096407426721555e+02
5.672426068491977794e-05 2.179224151024883156e+02
6.010276782070387642e-05 2.309722618492747301e+02
6.368249944718585675e-05 2.448032561294072309e+02
6.747544053110699554e-05 2.594620990774565712e+02
7.149428986597576249e-05 2.749982647367523896e+02
7.575250258771920673e-05 2.914641737080579560e+02
8.026433522257173624e-05 3.089153699612814421e+02
8.504489341802686365e-05 3.274106961785990961e+02
9.011018251665017960e-05 3.470124714408811428e+02
9.547716114208065730e-05 3.677867145069363914e+02
1.011637979766207013e-04 3.898033657555384934e+02
1.071891319205128638e-04 4.131364982008830680e+02
1.135733358343105206e-04 4.378645274205309761e+02
1.203377840777590556e-04 4.640705011095265036e+02
1.275051240713012809e-04 4.918423765874252354e+02
1.350993521198027864e-04 5.212732664755191081e+02
1.431458937523478591e-04 5.524616767581286467e+02
1.516716888470924095e-04 5.855118872325858774e+02
1.607052818261638333e-04 6.205342963367767197e+02
1.702769172225901374e-04 6.576456913434160469e+02
1.804186409392071779e-04 6.969695006861132924e+02
1.911644075385703697e-04 7.386363011034820829e+02
2.025501939230666413e-04 7.827842415884886123e+02
2.146141197858405776e-04 8.295593106847966283e+02
2.273965752357927448e-04 8.791155729564771946e+02
2.409403560239526765e-04 9.316158539854491210e+02
2.552908068239516468e-04 9.872322525759886958e+02
2.704959730463137079e-04 1.046146348911164750e+03
2.866067616948250111e-04 1.108549371273289353e+03
3.036771118035460487e-04 1.174643128388981268e+03
3.217641750250735269e-04 1.244640611288255741e+03
3.409285069746814732e-04 1.318766054279180707e+03
3.612342699709430527e-04 1.397254959839106732e+03
3.827494478516315301e-04 1.480355351487901089e+03
4.055460735840827930e-04 1.568328450171469058e+03
4.297004704320843828e-04 1.661448472632377161e+03
4.552935074866947636e-04 1.760002434798227114e+03
4.824108704165373600e-04 1.864291776715365586e+03
5.111433483440165366e-04 1.974633072430717903e+03
5.415871378079476200e-04 2.091357468523510306e+03
5.738441648302393047e-04 2.214810221382595046e+03
6.080224261649426910e-04 2.345352655785307434e+03
6.442363508721370797e-04 2.483362826688510722e+03
6.826071834272392233e-04 2.629234225409243663e+03
7.232633896483533272e-04 2.783374777146228098e+03
7.663410868007461971e-04 2.946209319829675678e+03
8.119844993184008319e-04 3.118180102556695601e+03
8.603464416684509499e-04 3.299744250141416614e+03
9.115888299750818944e-04 3.491371895929663424e+03
9.658832241158708896e-04 3.693549342611683187e+03
1.023411402105453864e-03 3.906779127479659110e+03
1.084365968689610842e-03 4.131572345179547483e+03
1.148951000187309855e-03 4.368443365100662959e+03
1.217382727739662078e-03 4.617916969491230702e+03
1.289890261253309484e-03 4.880527877894348421e+03
1.366716356462007289e-03 5.156814006595974206e+03
1.448118227674534582e-03 5.447311836529912398e+03
1.534368408930013262e-03 5.752560230617292291e+03
1.625755666443795110e-03 6.073098343391186063e+03
1.722585965398787389e-03 6.409447698860190940e+03
1.825183494319044218e-03 6.762101580657861632e+03
1.933891750455232110e-03 7.131536585838860447e+03
2.049074689815848227e-03 7.518209084710993920e+03
2.171117945694505096e-03 7.922532455821665280e+03
2.300430119772919023e-03 8.344864311272802297e+03
2.437444150122221927e-03 8.785517980223430641e+03
2.582618760682677504e-03 9.244756572323454748e+03
2.736439997074671757e-03 9.722762750055446304e+03
2.899422853882878057e-03 1.021962322467008198e+04
3.072112998861759037e-03 1.073534225583631451e+04
3.255088599835059826e-03 1.126983312366370956e+04
3.448962260405759751e-03 1.182287049499548630e+04
3.654383070957258062e-03 1.239407045550560360e+04
3.872038781812556923e-03 1.298291524041139382e+04
4.102658105827194576e-03 1.358874280685734993e+04
4.347013158125026359e-03 1.421067436901803376e+04
4.605922041145108295e-03 1.484759186522840719e+04
4.880251583654433324e-03 1.549818232798809004e+04
5.170920242896760721e-03 1.616092838762362589e+04
5.478901179593945181e-03 1.683402173748326823e+04
5.805225516094901853e-03 1.751534649087229263e+04
6.150985788580504154e-03 1.820254066683612837e+04
6.517339604882426730e-03 1.889298799163940203e+04
6.905513520162331019e-03 1.958363920956693255e+04
7.316807143427199629e-03 2.027100535249933455e+04
7.752597488629464108e-03 2.095131131840631133e+04
8.214343584919429550e-03 2.162049635465526444e+04
8.703591361485166558e-03 2.227389732562136123e+04
9.221978823334331735e-03 2.290628165320694461e+04
9.771241535346501458e-03 2.351215043167788826e+04
1.035321843295662625e-02 2.408576814937891322e+04
1.096985797892384082e-02 2.462077864909277196e+04
1.162322468679852921e-02 2.511032255284933490e+04
1.231550603292826118e-02 2.554747194708151437e+04
1.304901978014402948e-02 2.592530285907494181e+04
1.382622173764656327e-02 2.623637503471779200e+04
1.464971398307286267e-02 2.647299684664654706e+04
1.552225357427047987e-02 2.662788405306048662e+04
1.644676177994664271e-02 2.669433436330466066e+04
1.742633386009650662e-02 2.666613259798087529e+04
1.846424942895544263e-02 2.653783365560644961e+04
1.956398343517064958e-02 2.630518198747785209e+04
2.072921779595372077e-02 2.596542873250862976e+04
2.196385372416546911e-02 2.551886981036964426e+04
2.327202478960409618e-02 2.496835739426136570e+04
2.465811075822603796e-02 2.431824845218037444e+04
2.612675225563329193e-02 2.357489184309982375e+04
2.768286630392066683e-02 2.275213856234751802e+04
2.933166278390045290e-02 2.186788822055515266e+04
3.107866187782013997e-02 2.093928681119981411e+04
3.292971255097151134e-02 1.998320346230510404e+04
3.489101213406773511e-02 1.902378871660835284e+04
3.696912707195028347e-02 1.808666787069468046e+04
3.917101490809260511e-02 1.719302590901333315e+04
4.150404757850476717e-02 1.635958401983111435e+04
4.397603609302721400e-02 1.559836155538853563e+04
4.659525668664682430e-02 1.491810287620468807e+04
4.937047852839003548e-02 1.431686029657970357e+04
5.231099308056263303e-02 1.378202683513684315e+04
5.542664520663106997e-02 1.328944489641601103e+04
5.872786613189483196e-02 1.280669934261647359e+04
6.222570836730231120e-02 1.229523218064586945e+04
6.593188271333548511e-02 1.171779238215407895e+04
6.985879746785249311e-02 1.104705065808856671e+04
7.401959996915644102e-02 1.027820792742208141e+04
7.842822061337681450e-02 9.433148033992476485e+03
8.309941949353395751e-02 8.562909609671318321e+03
8.804883581643464796e-02 7.733921517394976036e+03
9.329304026284686302e-02 7.011571385866913261e+03
9.884959046625586832e-02 6.437508666701872244e+03
1.047370897959450792e-01 6.013999597230282234e+03
1.109752496412072104e-01 5.696822971765205693e+03
1.175849554052158102e-01 5.406463312170396421e+03
1.245883364295008178e-01 5.059096974991319257e+03
1.320088400831419539e-01 4.614439239682110383e+03
1.398713102647238526e-01 4.107546855110509568e+03
1.482020705798860194e-01 3.630134571787811637e+03
1.570290124729377401e-01 3.263779172750265843e+03
1.663816886076130708e-01 3.019416057217931211e+03
1.762914118095947891e-01 2.829286068363643153e+03
1.867913599020784576e-01 2.602796201164333979e+03
1.979166867853557332e-01 2.316227337071648890e+03
2.097046401323234832e-01 2.039966924497080072e+03
2.221946860939523760e-01 1.837030784875700647e+03
2.354286414322420140e-01 1.691488008581428403e+03
2.494508135230316670e-01 1.536495298633401944e+03
2.643081486974108163e-01 1.359434184778520148e+03
2.800503894183630771e-01 1.209285356425242753e+03
2.967302408188872698e-01 1.096651238688809144e+03
3.144035471591500319e-01 9.846734818716226982e+02
3.331294787934677148e-01 8.719188007849556925e+02
3.529707302730650254e-01 7.804067771508373426e+02
3.739937302478801850e-01 6.983539032701262386e+02
3.962688638701478139e-01 6.193503979690399319e+02
4.198707084443914495e-01 5.518158961720026809e+02
4.448782831127585102e-01 4.905463840306388192e+02
4.713753134116728805e-01 4.349371336188978603e+02
4.994505115855140120e-01 3.860505482823241437e+02
5.291978735958446922e-01 3.417697779260404900e+02
5.607169938205458504e-01 3.025772852443779470e+02
5.941133984965040193e-01 2.674431206439044786e+02
6.294988990221888070e-01 2.362777662387211137e+02
6.669919663030128287e-01 2.084919732647305466e+02
7.067181273927490848e-01 1.838472703486552575e+02
7.488103857590030499e-01 1.619710990312061085e+02
7.934096665797492065e-01 1.425789274514552858e+02
8.406652885618334237e-01 1.254096324876843767e+02
8.907354638610439634e-01 1.102085179529901069e+02
9.437878277775391123e-01 9.677002534516512355e+01
1.000000000000000000e+00 8.492854550016052428e+01
