1.000000000000000082e-05 4.708631285236002384e+01
1.059560179277617057e-05 4.984388281513069074e+01
1.122667773510813544e-05 5.276293386338248581e+01
1.189534067370320835e-05 5.585293239625790562e+01
1.260382929679727389e-05 5.912389138990656789e+01
1.335451562929900141e-05 6.258640744812890944e+01
1.414991297434575937e-05 6.625169756217782435e+01
1.499268432786047117e-05 7.013163537576905071e+01
1.588565129428052877e-05 7.423878964093614741e+01
1.683180353330958413e-05 7.858646491777413701e+01
1.783430876931909215e-05 8.318874478116070748e+01
1.889652339691211472e-05 8.806053817142706919e+01
2.002200371815584479e-05 9.321762730761125226e+01
2.121451784910631934e-05 9.867671853948922944e+01
2.247805833548725246e-05 1.044554961748847575e+02
2.381685551976160786e-05 1.105726783541553147e+02
2.523539170434765982e-05 1.170480783327527092e+02
2.673841615839949297e-05 1.239026690382483622e+02
2.833096101839323942e-05 1.311586506943454253e+02
3.001835813575592089e-05 1.388395216074008260e+02
3.180625692794118915e-05 1.469701546806421959e+02
3.370064329271931777e-05 1.555768781262526659e+02
3.570785964900462521e-05 1.646875602342857974e+02
3.783462617131932846e-05 1.743316980513208136e+02
4.008806328898464845e-05 1.845405134157134626e+02
4.247571552536902605e-05 1.953470541699287253e+02
4.500557675700497562e-05 2.067862998000957759e+02
4.768611697714474431e-05 2.188952701429358285e+02
5.052631065335679548e-05 2.317131471786375130e+02
5.353566677410729675e-05 2.452814024317429471e+02
5.672426068491977794e-05 2.596439286870707974e+02
6.010276782070387642e-05 2.748471744292045855e+02
6.368249944718585675e-05 2.909402973490678619e+02
6.747544053110699554e-05 3.079753240356583888e+02
7.149428986597576249e-05 3.260073127521983452e+02
7.575250258771920673e-05 3.450945154525768999e+02
8.026433522257173624e-05 3.652985734988235436e+02
8.504489341802686365e-05 3.866847182747119405e+02
9.011018251665017960e-05 4.093219708349469101e+02
9.547716114208065730e-05 4.332833344812920018e+02
1.011637979766207013e-04 4.586460449767658929e+02
1.071891319205128638e-04 4.854918218936979315e+02
1.135733358343105206e-04 5.139071093903150995e+02
1.203377840777590556e-04 5.439832962204590103e+02
1.275051240713012809e-04 5.758170395195779747e+02
1.350993521198027864e-04 6.095105792891693000e+02
1.431458937523478591e-04 6.451720211634602720e+02
1.516716888470924095e-04 6.829155725535136980e+02
1.607052818261638333e-04 7.228619672387812898e+02
1.702769172225901374e-04 7.651388572568846485e+02
1.804186409392071779e-04 8.098811296317126107e+02
1.911644075385703697e-04 8.572311294328686699e+02
2.025501939230666413e-04 9.073392266953414946e+02
2.146141197858405776e-04 9.603643014748862470e+02
2.273965752357927448e-04 1.016474070477347709e+03
2.409403560239526765e-04 1.075845241730681892e+03
2.552908068239516468e-04 1.138664283395590701e+03
2.704959730463137079e-04 1.205128016315061814e+03
2.866067616948250111e-04 1.275443898416182719e+03
3.036771118035460487e-04 1.349830015960369110e+03
3.217641750250735269e-04 1.428516137504504059e+03
3.409285069746814732e-04 1.511744421965975789e+03
3.612342699709430527e-04 1.599769576386383051e+03
3.827494478516315301e-04 1.692858559352568818e+03
4.055460735840827930e-04 1.791292010026174239e+03
4.297004704320843828e-04 1.895365061668315093e+03
4.552935074866947636e-04 2.005387258384246934e+03
4.824108704165373600e-04 2.121681837094706680e+03
5.111433483440165366e-04 2.244587598269404680e+03
5.415871378079476200e-04 2.374459783422259534e+03
5.738441648302393047e-04 2.511669644699423770e+03
6.080224261649426910e-04 2.656603236527247645e+03
6.442363508721370797e-04 2.809663690669700372e+03
6.826071834272392233e-04 2.971272066693680244e+03
7.232633896483533272e-04 3.141866214435599886e+03
7.663410868007461971e-04 3.321898629562474525e+03
8.119844993184008319e-04 3.511839378268986366e+03
8.603464416684509499e-04 3.712176824513502197e+03
9.115888299750818944e-04 3.923415253240774746e+03
9.658832241158708896e-04 4.146071216460187316e+03
1.023411402105453864e-03 4.380677385692801181e+03
1.084365968689610842e-03 4.627782958826034701e+03
1.148951000187309855e-03 4.887946527293811414e+03
1.217382727739662078e-03 5.161726476734852440e+03
1.289890261253309484e-03 5.449689826470935259e+03
1.366716356462007289e-03 5.752412406737240417e+03
1.448118227674534582e-03 6.070472159944448322e+03
1.534368408930013262e-03 6.404441059817628229e+03
1.625755666443795110e-03 6.754890209687559036e+03
1.722585965398787389e-03 7.122388234005256891e+03
1.825183494319044218e-03 7.507484252757561080e+03
1.933891750455232110e-03 7.910688964605576984e+03
2.049074689815848227e-03 8.332489553128441912e+03
2.171117945694505096e-03 8.773347328477118936e+03
2.300430119772919023e-03 9.233675566190120662e+03
2.437444150122221927e-03 9.713816931171735632e+03
2.582618760682677504e-03 1.021405916977375819e+04
2.736439997074671757e-03 1.073463049104211314e+04
2.899422853882878057e-03 1.127567010924133137e+04
3.072112998861759037e-03 1.183720074244166972e+04
3.255088599835059826e-03 1.241914751955118300e+04
3.448962260405759751e-03 1.302133143725266018e+04
3.654383070957258062e-03 1.364342590635734632e+04
3.872038781812556923e-03 1.428492028078714611e+04
4.102658105827194576e-03 1.494515104274930854e+04
4.347013158125026359e-03 1.562329477127464452e+04
4.605922041145108295e-03 1.631829464256492065e+04
4.880251583654433324e-03 1.702880706258910141e+04
5.170920242896760721e-03 1.775326678257271124e+04
5.478901179593945181e-03 1.848988410640049187e+04
5.805225516094901853e-03 1.923657329642573677e+04
6.150985788580504154e-03 1.999090929268666878e+04
6.517339604882426730e-03 2.075019833783573267e+04
6.905513520162331019e-03 2.151147933984979682e+04
7.316807143427199629e-03 2.227133680617004939e+04
7.752597488629464108e-03 2.302581408999760970e+04
8.214343584919429550e-03 2.377063525285530341e+04
8.703591361485166558e-03 2.450123133253054039e+04
9.221978823334331735e-03 2.521248186753592381e+04
9.771241535346501458e-03 2.589863668033045178e+04
1.035321843295662625e-02 2.655366618832227687e+04
1.096985797892384082e-02 2.717132335377228446e+04
1.162322468679852921e-02 2.774474421678062936e+04
1.231550603292826118e-02 2.826639466232208724e+04
1.304901978014402948e-02 2.872866809212742010e+04
1.382622173764656327e-02 2.912401125834324193e+04
1.464971398307286267e-02 2.944436189361343349e+04
1.552225357427047987e-02 2.968118149210822958e+04
1.644676177994664271e-02 2.982637733146966275e+04
1.742633386009650662e-02 2.987253636654491856e+04
1.846424942895544263e-02 2.981276582167172091e+04
1.956398343517064958e-02 2.964089691646699066e+04
2.072921779595372077e-02 2.935211166891731409e+04
2.196385372416546911e-02 2.894323521018971223e+04
2.327202478960409618e-02 2.841400007813229604e+04
2.465811075822603796e-02 2.776708352252795521e+04
2.612675225563329193e-02 2.700700943498484776e+04
2.768286630392066683e-02 2.614034868633228325e+04
2.933166278390045290e-02 2.518089729018308208e+04
3.107866187782013997e-02 2.414813517725781639e+04
3.292971255097151134e-02 2.306108931707331794e+04
3.489101213406773511e-02 2.193823637106145907e+04
3.696912707195028347e-02 2.080599287475431629e+04
3.917101490809260511e-02 1.969489574046475900e+04
4.150404757850476717e-02 1.863018274408533762e+04
4.397603609302721400e-02 1.763199819458391357e+04
4.659525668664682430e-02 1.671683397071940271e+04
4.937047852839003548e-02 1.589765034429986190e+04
5.231099308056263303e-02 1.517955956902361504e+04
5.542664520663106997e-02 1.455296580584084586e+04
5.872786613189483196e-02 1.399801842537120501e+04
6.222570836730231120e-02 1.348271094745262053e+04
6.593188271333548511e-02 1.296649852848827322e+04
6.985879746785249311e-02 1.240390964816733685e+04
7.401959996915644102e-02 1.175602561386867274e+04
7.842822061337681450e-02 1.099939739146041211e+04
8.309941949353395751e-02 1.013936202371482796e+04
8.804883581643464796e-02 9.213841056898358147e+03
9.329304026284686302e-02 8.288243055645509230e+03
9.884959046625586832e-02 7.439655387108535251e+03
1.047370897959450792e-01 6.732684653661402990e+03
1.109752496412072104e-01 6.198329606484526266e+03
1.175849554052158102e-01 5.819087403499388529e+03
1.245883364295008178e-01 5.529429426112023975e+03
1.320088400831419539e-01 5.233806550759451966e+03
1.398713102647238526e-01 4.850077783369121789e+03
1.482020705798860194e-01 4.362009795260163628e+03
1.570290124729377401e-01 3.837089215486655121e+03
1.663816886076130708e-01 3.381205785987725903e+03
1.762914118095947891e-01 3.061206384173876359e+03
1.867913599020784576e-01 2.854896284011068929e+03
1.979166867853557332e-01 2.670227869802375153e+03
2.097046401323234832e-01 2.421440953538091435e+03
2.221946860939523760e-01 2.126183226563121025e+03
2.354286414322420140e-01 1.871976198616323245e+03
2.494508135230316670e-01 1.701173151187077565e+03
2.643081486974108163e-01 1.566413092350824400e+03
2.800503894183630771e-01 1.404407009238344017e+03
2.967302408188872698e-01 1.233090032494442767e+03
3.144035471591500319e-01 1.103395998367810307e+03
3.331294787934677148e-01 1.000406207189737984e+03
3.529707302730650254e-01 8.890427715287545425e+02
3.739937302478801850e-01 7.861953294661196878e+02
3.962688638701478139e-01 7.048043687063324114e+02
4.198707084443914495e-01 6.265315355818726175e+02
4.448782831127585102e-01 5.545962587926551350e+02
4.713753134116728805e-01 4.936697231228380360e+02
4.994505115855140120e-01 4.368842302888717768e+02
5.291978735958446922e-01 3.869744299441210842e+02
5.607169938205458504e-01 3.423351480754996601e+02
5.941133984965040193e-01 3.024462743359034107e+02
6.294988990221888070e-01 2.670504771020637804e+02
6.669919663030128287e-01 2.355462204913201845e+02
7.067181273927490848e-01 2.075703904307728749e+02
7.488103857590030499e-01 1.827603643085212752e+02
7.934096665797492065e-01 1.607966536166291007e+02
8.406652885618334237e-01 1.413436359339557953e+02
8.907354638610439634e-01 1.241491270683166306e+02
9.437878277775391123e-01 1.089547634874829782e+02
1.000000000000000000e+00 9.553580836021104972e+01
