1.000000000000000082e-05 2.930769420956371007e+01
1.059560179277617057e-05 3.107903528606573573e+01
1.122667773510813544e-05 3.295743454907345438e+01
1.189534067370320835e-05 3.494936201160170697e+01
1.260382929679727389e-05 3.706167847753155797e+01
1.335451562929900141e-05 3.930165940544332415e+01
1.414991297434575937e-05 4.167702035086724521e+01
1.499268432786047117e-05 4.419594327530735001e+01
1.588565129428052877e-05 4.686710462686620104e+01
1.683180353330958413e-05 4.969970501373859406e+01
1.783430876931909215e-05 5.270350023285946151e+01
1.889652339691211472e-05 5.588883529140841944e+01
2.002200371815584479e-05 5.926668015674179912e+01
2.121451784910631934e-05 6.284866754135116906e+01
2.247805833548725246e-05 6.664713305158839773e+01
2.381685551976160786e-05 7.067515753509238152e+01
2.523539170434765982e-05 7.494661205394189096e+01
2.673841615839949297e-05 7.947620541547371431e+01
2.833096101839323942e-05 8.427953426272804904e+01
3.001835813575592089e-05 8.937313707565111542e+01
3.180625692794118915e-05 9.477455113840657930e+01
3.370064329271931777e-05 1.005023723290053397e+02
3.570785964900462521e-05 1.065763178002592895e+02
3.783462617131932846e-05 1.130172946359092379e+02
4.008806328898464845e-05 1.198474718833424646e+02
4.247571552536902605e-05 1.270903557862591384e+02
4.500557675700497562e-05 1.347708684623582371e+02
4.768611697714474431e-05 1.429154349166069267e+02
5.052631065335679548e-05 1.515520739790213156e+02
5.353566677410729675e-05 1.607104924978922043e+02
5.672426068491977794e-05 1.704221832561374583e+02
6.010276782070387642e-05 1.807205357718944754e+02
6.368249944718585675e-05 1.916409510780556218e+02
6.747544053110699554e-05 2.032209586945505748e+02
7.149428986597576249e-05 2.155003369986621351e+02
7.575250258771920673e-05 2.285212552027377626e+02
8.026433522257173624e-05 2.423284180820380129e+02
8.504489341802686365e-05 2.569692098219645118e+02
9.011018251665017960e-05 2.724938402502027657e+02
9.547716114208065730e-05 2.889555274923017691e+02
1.011637979766207013e-04 3.064106799643300292e+02
1.071891319205128638e-04 3.249190699444375241e+02
1.135733358343105206e-04 3.445440069952812223e+02
1.203377840777590556e-04 3.653525751624450209e+02
1.275051240713012809e-04 3.874158609731069873e+02
1.350993521198027864e-04 4.108091563403180544e+02
1.431458937523478591e-04 4.356121565470259043e+02
1.516716888470924095e-04 4.619092719388509067e+02
1.607052818261638333e-04 4.897899117277970049e+02
1.702769172225901374e-04 5.193487083324963578e+02
1.804186409392071779e-04 5.506857292798815706e+02
1.911644075385703697e-04 5.839068926722269453e+02
2.025501939230666413e-04 6.191243167183155265e+02
2.146141197858405776e-04 6.564565436718523870e+02
2.273965752357927448e-04 6.960287421023476782e+02
2.409403560239526765e-04 7.379732677493984738e+02
2.552908068239516468e-04 7.824300865273993395e+02
2.704959730463137079e-04 8.295469530545805128e+02
2.866067616948250111e-04 8.794795609781824623e+02
3.036771118035460487e-04 9.323923052384974426e+02
3.217641750250735269e-04 9.884587799167019284e+02
3.409285069746814732e-04 1.047861839959226927e+03
3.612342699709430527e-04 1.110793641915102398e+03
3.827494478516315301e-04 1.177456667090377096e+03
4.055460735840827930e-04 1.248064282102083098e+03
4.297004704320843828e-04 1.322840589903129057e+03
4.552935074866947636e-04 1.402020296855772585e+03
4.824108704165373600e-04 1.485850038406543945e+03
5.111433483440165366e-04 1.574588968931406271e+03
5.415871378079476200e-04 1.668508326823311336e+03
5.738441648302393047e-04 1.767891095129413316e+03
6.080224261649426910e-04 1.873033593641691823e+03
6.442363508721370797e-04 1.984246030732399049e+03
6.826071834272392233e-04 2.101851462493306371e+03
7.232633896483533272e-04 2.226185012423291482e+03
7.663410868007461971e-04 2.357595896403312508e+03
8.119844993184008319e-04 2.496447843213175929e+03
8.603464416684509499e-04 2.643117121416317786e+03
9.115888299750818944e-04 2.797991123130498636e+03
9.658832241158708896e-04 2.961470853713480665e+03
1.023411402105453864e-03 3.133970983797428289e+03
1.084365968689610842e-03 3.315913324829837165e+03
1.148951000187309855e-03 3.507722433269579597e+03
1.217382727739662078e-03 3.709831657635564170e+03
1.289890261253309484e-03 3.922682768709229549e+03
1.366716356462007289e-03 4.146721192057213557e+03
1.448118227674534582e-03 4.382392700976948618e+03
1.534368408930013262e-03 4.630145763250879099e+03
1.625755666443795110e-03 4.890429762540926276e+03
1.722585965398787389e-03 5.163679511808011739e+03
1.825183494319044218e-03 5.450306314239372114e+03
1.933891750455232110e-03 5.750708073697712280e+03
2.049074689815848227e-03 6.065266394182802287e+03
2.171117945694505096e-03 6.394328457718983373e+03
2.300430119772919023e-03 6.738196915398982128e+03
2.437444150122221927e-03 7.097138570492493272e+03
2.582618760682677504e-03 7.471379391000739815e+03
2.736439997074671757e-03 7.861079667869239529e+03
2.899422853882878057e-03 8.266321437990765844e+03
3.072112998861759037e-03 8.687119288847286953e+03
3.255088599835059826e-03 9.123413220726855798e+03
3.448962260405759751e-03 9.575029562590039859e+03
3.654383070957258062e-03 1.004166482292931687e+04
3.872038781812556923e-03 1.052290547411415537e+04
4.102658105827194576e-03 1.101821914860122342e+04
4.347013158125026359e-03 1.152689467716615763e+04
4.605922041145108295e-03 1.204802385783283535e+04
4.880251583654433324e-03 1.258053751863256912e+04
5.170920242896760721e-03 1.312319740151879887e+04
5.478901179593945181e-03 1.367452443943964136e+04
5.805225516094901853e-03 1.423278544044849696e+04
6.150985788580504154e-03 1.479604323110739642e+04
6.517339604882426730e-03 1.536214941371108216e+04
6.905513520162331019e-03 1.592859489451191803e+04
7.316807143427199629e-03 1.649250540452066343e+04
7.752597488629464108e-03 1.705076839080952413e+04
8.214343584919429550e-03 1.760003250515336913e+04
8.703591361485166558e-03 1.813643847914835715e+04
9.221978823334331735e-03 1.865564901662393822e+04
9.771241535346501458e-03 1.915310309490210784e+04
1.035321843295662625e-02 1.962404073162860004e+04
1.096985797892384082e-02 2.006318929755449790e+04
1.162322468679852921e-02 2.046486429860864155e+04
1.231550603292826118e-02 2.082332466252009908e+04
1.304901978014402948e-02 2.113282748942996113e+04
1.382622173764656327e-02 2.138712568316860779e+04
1.464971398307286267e-02 2.157970960124164412e+04
1.552225357427047987e-02 2.170440949832478145e+04
1.644676177994664271e-02 2.175554902667300848e+04
1.742633386009650662e-02 2.172789101209417277e+04
1.846424942895544263e-02 2.161687618996449964e+04
1.956398343517064958e-02 2.141896290911067626e+04
2.072921779595372077e-02 2.113188616680245104e+04
2.196385372416546911e-02 2.075581597756538758e+04
2.327202478960409618e-02 2.029299827501909022e+04
2.465811075822603796e-02 1.974699033181973937e+04
2.612675225563329193e-02 1.912308346334423550e+04
2.768286630392066683e-02 1.843289438252794935e+04
2.933166278390045290e-02 1.769141301580808431e+04
3.107866187782013997e-02 1.691301117493341371e+04
3.292971255097151134e-02 1.611188863141274123e+04
3.489101213406773511e-02 1.530875626744588590e+04
3.696912707195028347e-02 1.452559055843518399e+04
3.917101490809260511e-02 1.378041548162115214e+04
4.150404757850476717e-02 1.308748661125882791e+04
4.397603609302721400e-02 1.245754571651665356e+04
4.659525668664682430e-02 1.189860368233716144e+04
4.937047852839003548e-02 1.141008040820600945e+04
5.231099308056263303e-02 1.098213364891260790e+04
5.542664520663106997e-02 1.059516501338533089e+04
5.872786613189483196e-02 1.022228754477225812e+04
6.222570836730231120e-02 9.830026886800558714e+03
6.593188271333548511e-02 9.386047885033771308e+03
6.985879746785249311e-02 8.863822563122479551e+03
7.401959996915644102e-02 8.256140294407116016e+03
7.842822061337681450e-02 7.577444273388645342e+03
8.309941949353395751e-02 6.868207094577138378e+03
8.804883581643464796e-02 6.184100880578770557e+03
9.329304026284686302e-02 5.582888873769495149e+03
9.884959046625586832e-02 5.104206833256107529e+03
1.047370897959450792e-01 4.755654945089358080e+03
1.109752496412072104e-01 4.505859551204068339e+03
1.175849554052158102e-01 4.290204166835512297e+03
1.245883364295008178e-01 4.034013182965250508e+03
1.320088400831419539e-01 3.693738429758162511e+03
1.398713102647238526e-01 3.289184233427249637e+03
1.482020705798860194e-01 2.894528513691738681e+03
1.570290124729377401e-01 2.585717543414759348e+03
1.663816886076130708e-01 2.384043659637201472e+03
1.762914118095947891e-01 2.240316291226821249e+03
1.867913599020784576e-01 2.074260060012938084e+03
1.979166867853557332e-01 1.851343798911941121e+03
2.097046401323234832e-01 1.623837589634501910e+03
2.221946860939523760e-01 1.453603026425695816e+03
2.354286414322420140e-01 1.339261502060561952e+03
2.494508135230316670e-01 1.223526778124946986e+03
2.643081486974108163e-01 1.083610293271003229e+03
2.800503894183630771e-01 9.591243628486616899e+02
2.967302408188872698e-01 8.694425459724976690e+02
3.144035471591500319e-01 7.838151241605150972e+02
3.331294787934677148e-01 6.933235824546189860e+02
3.529707302730650254e-01 6.192193683466798575e+02
3.739937302478801850e-01 5.553968661945222038e+02
3.962688638701478139e-01 4.923895490565439559e+02
4.198707084443914495e-01 4.383827071848479022e+02
4.448782831127585102e-01 3.901861771403529247e+02
4.713753134116728805e-01 3.457328440781216159e+02
4.994505115855140120e-01 3.070473161370680941e+02
5.291978735958446922e-01 2.718227754472588344e+02
5.607169938205458504e-01 2.407121205115672353e+02
5.941133984965040193e-01 2.127930024862008906e+02
6.294988990221888070e-01 1.880378947107668068e+02
6.669919663030128287e-01 1.659614864225423503e+02
7.067181273927490848e-01 1.463762992673357246e+02
7.488103857590030499e-01 1.289861575210086926e+02
7.934096665797492065e-01 1.135670700606556522e+02
8.406652885618334237e-01 9.991665736788324637e+01
8.907354638610439634e-01 8.782973048134437022e+01
9.437878277775391123e-01 7.714049445297517593e+01
1.000000000000000000e+00 6.771819256508258889e+01
