1.000000000000000082e-05 4.828604133772076779e+01
1.059560179277617057e-05 5.111209502774210023e+01
1.122667773510813544e-05 5.410354371829796349e+01
1.189534067370320835e-05 5.727007240626831219e+01
1.260382929679727389e-05 6.062192717900767036e+01
1.335451562929900141e-05 6.416995364307493332e+01
1.414991297434575937e-05 6.792563184605197080e+01
1.499268432786047117e-05 7.190111343413924772e+01
1.588565129428052877e-05 7.610926101180430692e+01
1.683180353330958413e-05 8.056368977074232873e+01
1.783430876931909215e-05 8.527881186980367545e+01
1.889652339691211472e-05 9.026988293166341748e+01
2.002200371815584479e-05 9.555305120907284788e+01
2.121451784910631934e-05 1.011454097127555798e+02
2.247805833548725246e-05 1.070650507982565927e+02
2.381685551976160786e-05 1.133311248670125906e+02
2.523539170434765982e-05 1.199639025541040951e+02
2.673841615839949297e-05 1.269848400291261044e+02
2.833096101839323942e-05 1.344166468736259503e+02
3.001835813575592089e-05 1.422833599243341496e+02
3.180625692794118915e-05 1.506104214668774830e+02
3.370064329271931777e-05 1.594247611836912029e+02
3.570785964900462521e-05 1.687548819392529253e+02
3.783462617131932846e-05 1.786309521486929839e+02
4.008806328898464845e-05 1.890849035055530294e+02
4.247571552536902605e-05 2.001505332344481474e+02
4.500557675700497562e-05 2.118636087196892959e+02
4.768611697714474431e-05 2.242619844464568359e+02
5.052631065335679548e-05 2.373857254193970050e+02
5.353566677410729675e-05 2.512772347453961004e+02
5.672426068491977794e-05 2.659813826367836782e+02
6.010276782070387642e-05 2.815456536812262698e+02
6.368249944718585675e-05 2.980203017357509907e+02
6.747544053110699554e-05 3.154585082523524306e+02
7.149428986597576249e-05 3.339165380200735740e+02
7.575250258771920673e-05 3.534539258078201556e+02
8.026433522257173624e-05 3.741336712481469249e+02
8.504489341802686365e-05 3.960224337554452063e+02
9.011018251665017960e-05 4.191907156338955360e+02
9.547716114208065730e-05 4.437131002075396964e+02
1.011637979766207013e-04 4.696684971751757303e+02
1.071891319205128638e-04 4.971403797539356333e+02
1.135733358343105206e-04 5.262169919855980424e+02
1.203377840777590556e-04 5.569916548070912086e+02
1.275051240713012809e-04 5.895630745842095166e+02
1.350993521198027864e-04 6.240356254758670502e+02
1.431458937523478591e-04 6.605195658973744912e+02
1.516716888470924095e-04 6.991314375509055026e+02
1.607052818261638333e-04 7.399944532298221702e+02
1.702769172225901374e-04 7.832388214258272683e+02
1.804186409392071779e-04 8.290019384892799508e+02
1.911644075385703697e-04 8.774289172448899308e+02
2.025501939230666413e-04 9.286730725961310782e+02
2.146141197858405776e-04 9.828962727403106783e+02
2.273965752357927448e-04 1.040269041381865236e+03
2.409403560239526765e-04 1.100971270232777897e+03
2.552908068239516468e-04 1.165192822111277110e+03
2.704959730463137079e-04 1.233133871421688127e+03
2.866067616948250111e-04 1.305004806362519503e+03
3.036771118035460487e-04 1.381027200569172464e+03
3.217641750250735269e-04 1.461434549542076866e+03
3.409285069746814732e-04 1.546472534760758435e+03
3.612342699709430527e-04 1.636398577374684237e+03
3.827494478516315301e-04 1.731483153876716415e+03
4.055460735840827930e-04 1.832010665742702713e+03
4.297004704320843828e-04 1.938279535778148784e+03
4.552935074866947636e-04 2.050601261099207932e+03
4.824108704165373600e-04 2.169302132804819394e+03
5.111433483440165366e-04 2.294724204604264742e+03
5.415871378079476200e-04 2.427225117288931870e+03
5.738441648302393047e-04 2.567176545013805935e+03
6.080224261649426910e-04 2.714966305164399728e+03
6.442363508721370797e-04 2.870999341211551837e+03
6.826071834272392233e-04 3.035697034992038425e+03
7.232633896483533272e-04 3.209494658400878052e+03
7.663410868007461971e-04 3.392844007692066498e+03
8.119844993184008319e-04 3.586214315899452231e+03
8.603464416684509499e-04 3.790090406360991437e+03
9.115888299750818944e-04 4.004967946605162524e+03
9.658832241158708896e-04 4.231357280625677049e+03
1.023411402105453864e-03 4.469784225135314045e+03
1.084365968689610842e-03 4.720784885334256614e+03
1.148951000187309855e-03 4.984894531841654498e+03
1.217382727739662078e-03 5.262655549289026567e+03
1.289890261253309484e-03 5.554618330290399172e+03
1.366716356462007289e-03 5.861336083238554238e+03
1.448118227674534582e-03 6.183355590219792248e+03
1.534368408930013262e-03 6.521221765387486812e+03
1.625755666443795110e-03 6.875476696428460855e+03
1.722585965398787389e-03 7.246645549577616293e+03
1.825183494319044218e-03 7.635212359900536285e+03
1.933891750455232110e-03 8.041635568039376267e+03
2.049074689815848227e-03 8.466347466322922628e+03
2.171117945694505096e-03 8.909736689274928722e+03
2.300430119772919023e-03 9.372121440546558006e+03
2.437444150122221927e-03 9.853764193100947523e+03
2.582618760682677504e-03 1.035486884523487424e+04
2.736439997074671757e-03 1.087555678405525032e+04
2.899422853882878057e-03 1.141583327611050663e+04
3.072112998861759037e-03 1.197560618418337253e+04
3.255088599835059826e-03 1.255468185974680273e+04
3.448962260405759751e-03 1.315272841097317723e+04
3.654383070957258062e-03 1.376922743364825874e+04
3.872038781812556923e-03 1.440350771872057703e+04
4.102658105827194576e-03 1.505474230332517618e+04
4.347013158125026359e-03 1.572189011731456958e+04
4.605922041145108295e-03 1.640362483365330263e+04
4.880251583654433324e-03 1.709840022467983727e+04
5.170920242896760721e-03 1.780445294980056860e+04
5.478901179593945181e-03 1.851974031053934959e+04
5.805225516094901853e-03 1.924187226339850531e+04
6.150985788580504154e-03 1.996819138765843309e+04
6.517339604882426730e-03 2.069578287131323304e+04
6.905513520162331019e-03 2.142131820578955376e+04
7.316807143427199629e-03 2.214090243035969252e+04
7.752597488629464108e-03 2.285031593436343246e+04
8.214343584919429550e-03 2.354505902372163473e+04
8.703591361485166558e-03 2.422013923149706170e+04
9.221978823334331735e-03 2.486989767040854713e+04
9.771241535346501458e-03 2.548838912679301211e+04
1.035321843295662625e-02 2.606947138173955318e+04
1.096985797892384082e-02 2.660647454489019583e+04
1.162322468679852921e-02 2.709198983278057131e+04
1.231550603292826118e-02 2.751852582762504244e+04
1.304901978014402948e-02 2.787867705870109057e+04
1.382622173764656327e-02 2.816459165163625948e+04
1.464971398307286267e-02 2.836773106621349143e+04
1.552225357427047987e-02 2.847998635430685317e+04
1.644676177994664271e-02 2.849397829646090395e+04
1.742633386009650662e-02 2.840300346812111820e+04
1.846424942895544263e-02 2.820114211171461648e+04
1.956398343517064958e-02 2.788388415036219158e+04
2.072921779595372077e-02 2.744840914133449405e+04
2.196385372416546911e-02 2.689460063074266873e+04
2.327202478960409618e-02 2.622540768365297117e+04
2.465811075822603796e-02 2.544574599031388061e+04
2.612675225563329193e-02 2.456250995484974919e+04
2.768286630392066683e-02 2.358916123415052061e+04
2.933166278390045290e-02 2.254591135220604701e+04
3.107866187782013997e-02 2.145259124191326191e+04
3.292971255097151134e-02 2.032803092049832048e+04
3.489101213406773511e-02 1.919794837867002570e+04
3.696912707195028347e-02 1.809392567205565138e+04
3.917101490809260511e-02 1.704189254797593094e+04
4.150404757850476717e-02 1.606208339124716076e+04
4.397603609302721400e-02 1.517107652792155568e+04
4.659525668664682430e-02 1.438195945022570231e+04
4.937047852839003548e-02 1.370080479206980453e+04
5.231099308056263303e-02 1.311843867316993237e+04
5.542664520663106997e-02 1.261643693598111713e+04
5.872786613189483196e-02 1.216363687016231961e+04
6.222570836730231120e-02 1.171797401687276215e+04
6.593188271333548511e-02 1.123351079998288151e+04
6.985879746785249311e-02 1.066733567489560301e+04
7.401959996915644102e-02 9.991804923170353504e+03
7.842822061337681450e-02 9.206323173977012630e+03
8.309941949353395751e-02 8.343426030866723522e+03
8.804883581643464796e-02 7.466999263048927787e+03
9.329304026284686302e-02 6.654670913049083538e+03
9.884959046625586832e-02 5.975975041800966210e+03
1.047370897959450792e-01 5.468454348338177624e+03
1.109752496412072104e-01 5.123109973325440478e+03
1.175849554052158102e-01 4.881161141954084997e+03
1.245883364295008178e-01 4.648316938860617483e+03
1.320088400831419539e-01 4.333714266828200380e+03
1.398713102647238526e-01 3.905914376437934152e+03
1.482020705798860194e-01 3.420215324604635043e+03
1.570290124729377401e-01 2.984238304763021006e+03
1.663816886076130708e-01 2.678024801019495499e+03
1.762914118095947891e-01 2.495559536098513490e+03
1.867913599020784576e-01 2.351614022982191273e+03
1.979166867853557332e-01 2.147717236739293185e+03
2.097046401323234832e-01 1.882060656535492626e+03
2.221946860939523760e-01 1.640322946661146261e+03
2.354286414322420140e-01 1.482290692377373489e+03
2.494508135230316670e-01 1.372384599628564047e+03
2.643081486974108163e-01 1.237593134648734576e+03
2.800503894183630771e-01 1.081091957042343211e+03
2.967302408188872698e-01 9.608619938811499424e+02
3.144035471591500319e-01 8.742379853242272247e+02
3.331294787934677148e-01 7.790667483840043133e+02
3.529707302730650254e-01 6.852035918808942370e+02
3.739937302478801850e-01 6.140305980649803814e+02
3.962688638701478139e-01 5.470813564676345777e+02
4.198707084443914495e-01 4.826811931165670444e+02
4.448782831127585102e-01 4.297299326668639878e+02
4.713753134116728805e-01 3.802634546712830002e+02
4.994505115855140120e-01 3.363239064283640118e+02
5.291978735958446922e-01 2.975846928715225772e+02
5.607169938205458504e-01 2.626204715422927052e+02
5.941133984965040193e-01 2.318351391856153043e+02
6.294988990221888070e-01 2.043543838348614941e+02
6.669919663030128287e-01 1.799985954621756150e+02
7.067181273927490848e-01 1.584042158526725075e+02
7.488103857590030499e-01 1.393039399117840844e+02
7.934096665797492065e-01 1.223888619667243063e+02
8.406652885618334237e-01 1.074492711887508705e+02
8.907354638610439634e-01 9.425961016725503328e+01
9.437878277775391123e-01 8.261711811674068429e+01
1.000000000000000000e+00 7.236810006808029527e+01
