1.000000000000000082e-05 4.494728309049862958e+01
1.059560179277617057e-05 4.754524132331497555e+01
1.122667773510813544e-05 5.029334704150916480e+01
1.189534067370320835e-05 5.320029048574861719e+01
1.260382929679727389e-05 5.627525332138394276e+01
1.335451562929900141e-05 5.952794619262801490e+01
1.414991297434575937e-05 6.296864085536316935e+01
1.499268432786047117e-05 6.660820246466072092e+01
1.588565129428052877e-05 7.045812393193665457e+01
1.683180353330958413e-05 7.453056222994365498e+01
1.783430876931909215e-05 7.883837685057800115e+01
1.889652339691211472e-05 8.339517080335737376e+01
2.002200371815584479e-05 8.821533330604391665e+01
2.121451784910631934e-05 9.331408507703447697e+01
2.247805833548725246e-05 9.870752620278898348e+01
2.381685551976160786e-05 1.044126862608238469e+02
2.523539170434765982e-05 1.104475784585845730e+02
2.673841615839949297e-05 1.168312566461777067e+02
2.833096101839323942e-05 1.235838750859162758e+02
3.001835813575592089e-05 1.307267508097891380e+02
3.180625692794118915e-05 1.382824315567422957e+02
3.370064329271931777e-05 1.462747671391520896e+02
3.570785964900462521e-05 1.547289842720157651e+02
3.783462617131932846e-05 1.636717649833329915e+02
4.008806328898464845e-05 1.731313313096174795e+02
4.247571552536902605e-05 1.831375343982768982e+02
4.500557675700497562e-05 1.937219473523483657e+02
4.768611697714474431e-05 2.049179610701639263e+02
5.052631065335679548e-05 2.167608915637640337e+02
5.353566677410729675e-05 2.292880917331277146e+02
5.672426068491977794e-05 2.425390666836848368e+02
6.010276782070387642e-05 2.565555919227613231e+02
6.368249944718585675e-05 2.713818483744138916e+02
6.747544053110699554e-05 2.870645620570134611e+02
7.149428986597576249e-05 3.036531459604771044e+02
7.575250258771920673e-05 3.211998426873175276e+02
8.026433522257173624e-05 3.397598961816968313e+02
8.504489341802686365e-05 3.593917264518909747e+02
9.011018251665017960e-05 3.801571025799595986e+02
9.547716114208065730e-05 4.021213124390167764e+02
1.011637979766207013e-04 4.253533819949341819e+02
1.071891319205128638e-04 4.499262933311001689e+02
1.135733358343105206e-04 4.759171916706353613e+02
1.203377840777590556e-04 5.034075803812973504e+02
1.275051240713012809e-04 5.324836044960738946e+02
1.350993521198027864e-04 5.632363221656971746e+02
1.431458937523478591e-04 5.957619449749447540e+02
1.516716888470924095e-04 6.301620500503356652e+02
1.607052818261638333e-04 6.665439517392552489e+02
1.702769172225901374e-04 7.050210379423003815e+02
1.804186409392071779e-04 7.457130345370894702e+02
1.911644075385703697e-04 7.887462134469469675e+02
2.025501939230666413e-04 8.342538883534391516e+02
2.146141197858405776e-04 8.823768279694726289e+02
2.273965752357927448e-04 9.332635194348046070e+02
2.409403560239526765e-04 9.870703303241032245e+02
2.552908068239516468e-04 1.043962180969728706e+03
2.704959730463137079e-04 1.104113045057675208e+03
2.866067616948250111e-04 1.167706161207164541e+03
3.036771118035460487e-04 1.234934078630559270e+03
3.217641750250735269e-04 1.305999577733648039e+03
3.409285069746814732e-04 1.381116261995925015e+03
3.612342699709430527e-04 1.460508637113319537e+03
3.827494478516315301e-04 1.544411947356719338e+03
4.055460735840827930e-04 1.633073422709552233e+03
4.297004704320843828e-04 1.726752950842565724e+03
4.552935074866947636e-04 1.825722915795396375e+03
4.824108704165373600e-04 1.930267723089979654e+03
5.111433483440165366e-04 2.040685433979518848e+03
5.415871378079476200e-04 2.157288481131708068e+03
5.738441648302393047e-04 2.280403177004036024e+03
6.080224261649426910e-04 2.410368881749030152e+03
6.442363508721370797e-04 2.547539988093578813e+03
6.826071834272392233e-04 2.692286603562539312e+03
7.232633896483533272e-04 2.844993351684116078e+03
7.663410868007461971e-04 3.006057799057814918e+03
8.119844993184008319e-04 3.175893056212311876e+03
8.603464416684509499e-04 3.354928340524807936e+03
9.115888299750818944e-04 3.543606752201759718e+03
9.658832241158708896e-04 3.742382737170095879e+03
1.023411402105453864e-03 3.951725312737171862e+03
1.084365968689610842e-03 4.172118284051962291e+03
1.148951000187309855e-03 4.404052707171503243e+03
1.217382727739662078e-03 4.648019197516219720e+03
1.289890261253309484e-03 4.904516363167946110e+03
1.366716356462007289e-03 5.174050783841826160e+03
1.448118227674534582e-03 5.457132187384700956e+03
1.534368408930013262e-03 5.754268788061176565e+03
1.625755666443795110e-03 6.065969935421012451e+03
1.722585965398787389e-03 6.392744356183705349e+03
1.825183494319044218e-03 6.735082279506539635e+03
1.933891750455232110e-03 7.093440202974855310e+03
2.049074689815848227e-03 7.468255731964171900e+03
2.171117945694505096e-03 7.859945218705293883e+03
2.300430119772919023e-03 8.268883573314971727e+03
2.437444150122221927e-03 8.695388177940247260e+03
2.582618760682677504e-03 9.139731468328984192e+03
2.736439997074671757e-03 9.602136239840072449e+03
2.899422853882878057e-03 1.008274699988266730e+04
3.072112998861759037e-03 1.058160923738511701e+04
3.255088599835059826e-03 1.109868643216446071e+04
3.448962260405759751e-03 1.163385352788827913e+04
3.654383070957258062e-03 1.218685494019761609e+04
3.872038781812556923e-03 1.275727789961231792e+04
4.102658105827194576e-03 1.334457947207754114e+04
4.347013158125026359e-03 1.394807877280236789e+04
4.605922041145108295e-03 1.456688485067855436e+04
4.880251583654433324e-03 1.519985927256366631e+04
5.170920242896760721e-03 1.584567238037323295e+04
5.478901179593945181e-03 1.650279821464646375e+04
5.805225516094901853e-03 1.716944332998048048e+04
6.150985788580504154e-03 1.784351778922374069e+04
6.517339604882426730e-03 1.852269602523333015e+04
6.905513520162331019e-03 1.920441335915238596e+04
7.316807143427199629e-03 1.988567960557673723e+04
7.752597488629464108e-03 2.056303027448143621e+04
8.214343584919429550e-03 2.123271702780705891e+04
8.703591361485166558e-03 2.189072290470468215e+04
9.221978823334331735e-03 2.253253111621444623e+04
9.771241535346501458e-03 2.315310288503829725e+04
1.035321843295662625e-02 2.374715154100320069e+04
1.096985797892384082e-02 2.430917951196940703e+04
1.162322468679852921e-02 2.483303561478441043e+04
1.231550603292826118e-02 2.531193263936877338e+04
1.304901978014402948e-02 2.573899860124272163e+04
1.382622173764656327e-02 2.610737572472729516e+04
1.464971398307286267e-02 2.640976621590982177e+04
1.552225357427047987e-02 2.663856860079680337e+04
1.644676177994664271e-02 2.678656749373014827e+04
1.742633386009650662e-02 2.684711979005043759e+04
1.846424942895544263e-02 2.681405107091402169e+04
1.956398343517064958e-02 2.668188194144851514e+04
2.072921779595372077e-02 2.644629386006702407e+04
2.196385372416546911e-02 2.610439742146158460e+04
2.327202478960409618e-02 2.565598405931620437e+04
2.465811075822603796e-02 2.510337283069479236e+04
2.612675225563329193e-02 2.445043791609322943e+04
2.768286630392066683e-02 2.370290703859221685e+04
2.933166278390045290e-02 2.287337168107814796e+04
3.107866187782013997e-02 2.197907605389822493e+04
3.292971255097151134e-02 2.103675782508853808e+04
3.489101213406773511e-02 2.006278723537297628e+04
3.696912707195028347e-02 1.908058674296677418e+04
3.917101490809260511e-02 1.811623471664974204e+04
4.150404757850476717e-02 1.719139289966894285e+04
4.397603609302721400e-02 1.632347823505275301e+04
4.659525668664682430e-02 1.552626058095723420e+04
4.937047852839003548e-02 1.481034692832384826e+04
5.231099308056263303e-02 1.417715536013490964e+04
5.542664520663106997e-02 1.361622542459402575e+04
5.872786613189483196e-02 1.310841931291214860e+04
6.222570836730231120e-02 1.262384513934479219e+04
6.593188271333548511e-02 1.212539705463923019e+04
6.985879746785249311e-02 1.157469164828754037e+04
7.401959996915644102e-02 1.094100648068029477e+04
7.842822061337681450e-02 1.021128360498016627e+04
8.309941949353395751e-02 9.397822953426279128e+03
8.804883581643464796e-02 8.541957562228632014e+03
9.329304026284686302e-02 7.705603643123450638e+03
9.884959046625586832e-02 6.955561665363535212e+03
1.047370897959450792e-01 6.342424925798045479e+03
1.109752496412072104e-01 5.881956561958759266e+03
1.175849554052158102e-01 5.545823426166729405e+03
1.245883364295008178e-01 5.265158728966905983e+03
1.320088400831419539e-01 4.954184610560188048e+03
1.398713102647238526e-01 4.553991444293137647e+03
1.482020705798860194e-01 4.073922805506899749e+03
1.570290124729377401e-01 3.590695641760028138e+03
1.663816886076130708e-01 3.195289136565373155e+03
1.762914118095947891e-01 2.925418363781134758e+03
1.867913599020784576e-01 2.737149796787291052e+03
1.979166867853557332e-01 2.539837145112058352e+03
2.097046401323234832e-01 2.279014310111517261e+03
2.221946860939523760e-01 2.000438587659072255e+03
2.354286414322420140e-01 1.780174368039463616e+03
2.494508135230316670e-01 1.631294079681355697e+03
2.643081486974108163e-01 1.493243812863479206e+03
2.800503894183630771e-01 1.327157772573988950e+03
2.967302408188872698e-01 1.170488725985599785e+03
3.144035471591500319e-01 1.055954733251102880e+03
3.331294787934677148e-01 9.534276067529984857e+02
3.529707302730650254e-01 8.436748114768430469e+02
3.739937302478801850e-01 7.503271651698418054e+02
3.962688638701478139e-01 6.726919607323234231e+02
4.198707084443914495e-01 5.961910899709044998e+02
4.448782831127585102e-01 5.293043965521512746e+02
4.713753134116728805e-01 4.708539347254541667e+02
4.994505115855140120e-01 4.164995920122837560e+02
5.291978735958446922e-01 3.693140163677065857e+02
5.607169938205458504e-01 3.265008488804552940e+02
5.941133984965040193e-01 2.886348477354429178e+02
6.294988990221888070e-01 2.547781711214565235e+02
6.669919663030128287e-01 2.247700368619167932e+02
7.067181273927490848e-01 1.980573499304933591e+02
7.488103857590030499e-01 1.743924420521604759e+02
7.934096665797492065e-01 1.534217877223780988e+02
8.406652885618334237e-01 1.348533041656754961e+02
8.907354638610439634e-01 1.184397994187948058e+02
9.437878277775391123e-01 1.039313376504729689e+02
1.000000000000000000e+00 9.112027902524120293e+01
